-1.29656
-0.365784
0.501908
1.31518
2.08184
2.80896
3.50288
4.16929
4.81329
5.43945
6.0518
6.65392
7.24893
7.83953
8.42801
9.01625
9.60573
10.1976
10.7924
11.3905
11.9918
12.5956
13.2008
13.8059
14.4089
15.0072
15.5977
16.177
16.7408
17.2848
17.8039
18.2929
18.746
19.1577
19.522
19.8331
20.0855
20.2742
20.3943
20.4421
20.4145
20.3094
20.1257
19.8636
19.5242
19.11
18.6243
18.0715
17.4569
16.7864
16.0666
15.3042
14.5064
13.6804
12.8331
11.9714
11.1019
10.2306
9.36325
8.50498
7.66042
6.83368
6.02831
5.24739
4.49349
3.76873
3.07481
2.41304
1.78441
1.18954
0.628835
0.102404
-0.389838
-0.84817
-1.27304
-1.66502
-2.02483
-2.35329
-2.65128
-2.91978
-3.15983
-3.37251
-3.55896
-3.72033
-3.85779
-3.97255
-4.06582
-4.13881
-4.19272
-4.22875
-4.2481
-4.25194
-4.24141
-4.21764
-4.18173
-4.13475
-4.07773
-4.01166
-3.93751
-3.85619
-3.76858
-3.67551
-3.57778
-3.47612
-3.37125
-3.26382
-3.15443
-3.04368
-2.93208
-2.82011
-2.70824
-2.59686
-2.48634
-2.37702
-2.2692
-2.16314
-2.05907
-1.9572
-1.85771
-1.76075
-1.66644
-1.57488
-1.48616
-1.40034
-1.31745
-1.23754
-1.16061
-1.08665
-1.01566
-0.947617
-0.882476
-0.820197
-0.76073
-0.704016
-0.649993
-0.598592
-0.549741
-0.503364
-0.459383
-0.417717
-0.378285
-0.341003
-0.30579
-0.272561
-0.241234
-0.211726
-0.183956
-0.157845
-0.133313
-0.110284
-0.0886819
-0.0684343
-0.0494697
-0.0317191
-0.0151158
0.000404865
0.0149051
0.0284448
0.0410816
0.0528707
0.0638651
0.0741155
0.0836704
0.0925759
0.100876
0.108613
0.115827
0.122555
0.128834
0.134697
0.140178
0.145306
0.150112
0.154621
0.158861
0.162855
0.166627
0.170199
0.173591
0.176822
0.17991
0.182874
0.185729
0.188491
0.191173
0.19379
0.196354
0.198877
0.201372
0.203848
0.206316
0.208786
0.211266
0.213767
0.216295
0.21886
0.221468
0.224127
0.226844
0.229626
0.232479
0.23541
0.238425
0.24153
0.244731
0.248034
0.251445
0.254969
0.258612
0.262381
0.266279
0.270314
0.274492
0.278817
0.283296
0.287935
0.29274
0.297717
0.302873
0.308215
0.313749
0.319482
0.325421
0.331574
0.337948
0.344552
0.351393
0.35848
0.365822
0.373428
0.381307
0.389469
0.397924
0.406684
0.415758
0.425159
0.434898
0.444988
0.455442
0.466273
0.477495
0.489122
0.501171
0.513657
0.526595
0.540004
0.553902
0.568307
0.583238
0.598715
0.614761
0.631397
0.648645
0.666531
0.685078
0.704313
0.724263
0.744957
0.766423
0.788694
0.8118
0.835775
0.860656
0.886476
0.913276
0.941095
0.969973
0.999955
1.03108
1.06341
1.09698
1.13184
1.16806
1.20567
1.24475
1.28536
1.32754
1.37138
1.41694
1.46429
1.5135
1.56466
1.61784
1.67313
1.73061
1.79038
1.85253
1.91716
1.98437
2.05427
2.12697
2.20259
2.28123
2.36303
2.44812
2.53663
2.62869
2.72444
2.82405
2.92764
3.03539
3.14745
3.26398
3.38516
3.51116
3.64215
3.77832
3.91985
4.06691
4.21971
4.37842
4.54324
4.71435
4.89194
5.07618
5.26725
5.46533
5.67057
5.88311
6.1031
6.33065
6.56585
6.80877
7.05947
7.31796
7.5842
7.85813
8.13962
8.42852
8.72458
9.02751
9.33692
9.65236
9.97327
10.299
10.6288
10.9619
11.2971
11.6335
11.9698
12.3046
12.6364
12.9636
13.2844
13.5969
13.8993
14.1892
14.4647
14.7234
14.9631
15.1815
15.3763
15.5455
15.6868
15.7983
15.8782
15.925
15.9373
15.914
15.8544
15.7581
15.625
15.4553
15.2497
15.0091
14.7348
14.4284
14.0917
13.7269
13.3363
12.9225
12.4879
12.0354
11.5676
11.0874
10.5974
10.1004
9.59892
9.09539
8.59216
8.09141
7.59514
7.1052
6.62325
6.1508
5.68914
5.23944
4.80267
4.37965
3.97107
3.57745
3.19921
2.83664
2.4899
2.15908
1.84416
1.54506
1.26161
0.993584
0.7407
0.502631
0.279011
0.069436
-0.126522
-0.309316
-0.479414
-0.6373
-0.783467
-0.91841
-1.04263
-1.15663
-1.26091
-1.35595
-1.44224
-1.52026
-1.59048
-1.65334
-1.7093
-1.75879
-1.80221
-1.83998
-1.87248
-1.90008
-1.92313
-1.94199
-1.95698
-1.96841
-1.97658
-1.98177
-1.98425
-1.98426
-1.98206
-1.97786
-1.97188
-1.96433
-1.95538
-1.94521
-1.93399
-1.92187
-1.909
-1.89551
-1.88152
-1.86715
-1.8525
-1.83768
-1.82277
-1.80785
-1.79301
-1.77832
-1.76383
-1.74961
-1.73571
-1.72218
-1.70906
-1.69639
-1.68421
-1.67256
-1.66145
-1.65092
-1.64099
-1.63168
-1.62301
-1.61499
-1.60764
-1.60098
-1.59501
-1.58974
-1.58519
-1.58136
-1.57826
-1.57589
-1.57426
-1.57337
-1.57324
-1.57386
-1.57524
-1.57739
-1.5803
-1.58398
-1.58845
-1.59369
-1.59972
-1.60655
-1.61417
-1.62259
-1.63183
-1.64189
-1.65277
-1.66449
-1.67705
-1.69046
-1.70474
-1.71989
-1.73593
-1.75286
-1.77071
-1.78949
-1.80921
-1.82989
-1.85155
-1.8742
-1.89786
-1.92255
-1.9483
-1.97513
-2.00305
-2.0321
-2.0623
-2.09367
-2.12625
-2.16006
-2.19513
-2.23149
-2.26918
-2.30823
-2.34867
-2.39054
-2.43389
-2.47873
-2.52513
-2.57311
-2.62272
-2.67401
-2.72702
-2.78179
-2.83838
-2.89683
-2.95719
-3.01952
-3.08387
-3.15029
-3.21883
-3.28956
-3.36253
-3.4378
-3.51542
-3.59545
-3.67796
-3.763
-3.85064
-3.94093
-4.03394
-4.12972
-4.22833
-4.32983
-4.43427
-4.54172
-4.65221
-4.76581
-4.88256
-5.0025
-5.12567
-5.2521
-5.38183
-5.51487
-5.65124
-5.79095
-5.93399
-6.08036
-6.23003
-6.38298
-6.53914
-6.69847
-6.86088
-7.02628
-7.19456
-7.36559
-7.53922
-7.71526
-7.89352
-8.07378
-8.25579
-8.43926
-8.62389
-8.80934
-8.99524
-9.18118
-9.36674
-9.55143
-9.73477
-9.91623
-10.0952
-10.2712
-10.4434
-10.6114
-10.7743
-10.9316
-11.0824
-11.2262
-11.362
-11.4893
-11.6072
-11.7151
-11.8123
-11.898
-11.9717
-12.0327
-12.0804
-12.1144
-12.1343
-12.1396
-12.13
-12.1053
-12.0653
-12.0101
-11.9396
-11.8539
-11.7533
-11.638
-11.5084
-11.365
-11.2083
-11.0388
-10.8574
-10.6646
-10.4614
-10.2484
-10.0266
-9.79686
-9.56003
-9.31704
-9.06881
-8.81624
-8.56023
-8.30163
-8.0413
-7.78006
-7.51869
-7.25793
-6.99848
-6.74101
-6.48612
-6.23438
-5.9863
-5.74237
-5.503
-5.26857
-5.03941
-4.81581
-4.598
-4.38621
-4.18058
-3.98126
-3.78833
-3.60186
-3.42188
-3.2484
-3.0814
-2.92085
-2.76667
-2.61879
-2.47711
-2.34153
-2.21191
-2.08813
-1.97003
-1.85748
-1.75031
-1.64836
-1.55145
-1.45944
-1.37213
-1.28936
-1.21096
-1.13676
-1.06658
-1.00026
-0.937639
-0.878546
-0.822824
-0.770319
-0.720878
-0.674355
-0.630606
-0.589493
-0.550881
-0.514642
-0.48065
-0.448787
-0.418936
-0.390988
-0.364836
-0.34038
-0.317523
-0.296172
-0.27624
-0.257642
-0.240301
-0.224139
-0.209085
-0.195071
-0.182032
-0.169909
-0.158642
-0.148178
-0.138465
-0.129455
-0.121102
-0.113364
-0.106199
-0.0995696
-0.0934406
-0.0877784
-0.0825513
-0.0777301
-0.0732872
-0.0691969
-0.0654349
-0.0619787
-0.0588074
-0.0559014
-0.0532422
-0.0508129
-0.0485976
-0.0465816
-0.044751
-0.0430931
-0.0415962
-0.0402492
-0.0390419
-0.037965
-0.0370097
-0.036168
-0.0354324
-0.0347962
-0.0342529
-0.0337969
-0.0334228
-0.0331257
-0.0329011
-0.0327451
-0.0326538
-0.032624
-0.0326525
-0.0327366
-0.0328739
-0.033062
-0.0332991
-0.0335835
-0.0339135
-0.0342878
-0.0347054
-0.0351653
-0.0356666
-0.0362088
-0.0367915
-0.0374142
-0.0380768
-0.0387792
-0.0395216
-0.0403041
-0.041127
-0.0419908
-0.042896
-0.0438432
-0.0448332
-0.0458669
-0.0469452
-0.0480692
-0.0492401
-0.050459
-0.0517275
-0.0530469
-0.0544188
-0.0558449
-0.057327
-0.0588669
-0.0604667
-0.0621285
-0.0638545
-0.0656471
-0.0675087
-0.0694419
-0.0714495
-0.0735342
-0.0756992
-0.0779476
-0.0802826
-0.0827077
-0.0852266
-0.087843
-0.0905609
-0.0933844
-0.096318
-0.0993661
-0.102534
-0.105825
-0.109246
-0.112803
-0.116499
-0.120343
-0.124339
-0.128495
-0.132817
-0.137312
-0.141989
-0.146854
-0.151916
-0.157183
-0.162665
-0.168371
-0.174311
-0.180494
-0.186933
-0.193638
-0.20062
-0.207893
-0.21547
-0.223363
-0.231588
-0.240158
-0.249091
-0.258401
-0.268107
-0.278226
-0.288778
-0.299781
-0.311256
-0.323227
-0.335714
-0.348742
-0.362336
-0.376522
-0.391328
-0.406782
-0.422915
-0.439759
-0.457347
-0.475714
-0.494896
-0.514931
-0.535862
-0.557728
-0.580576
-0.604451
-0.629403
-0.655483
-0.682745
-0.711245
-0.741042
-0.7722
-0.804782
-0.838859
-0.874502
-0.911787
-0.950792
-0.991602
-1.0343
-1.07899
-1.12575
-1.1747
-1.22593
-1.27956
-1.3357
-1.39448
-1.45603
-1.52047
-1.58795
-1.65863
-1.73264
-1.81016
-1.89135
-1.97639
-2.06547
-2.15878
-2.25653
-2.35892
-2.46617
-2.57852
-2.6962
-2.81947
-2.94858
-3.0838
-3.22542
-3.37371
-3.52897
-3.69152
-3.86167
-4.03973
-4.22605
-4.42095
-4.62477
-4.83787
-5.06057
-5.29324
-5.5362
-5.78978
-6.05431
-6.33008
-6.61739
-6.91648
-7.22758
-7.55086
-7.88644
-8.2344
-8.59473
-8.96733
-9.35201
-9.74848
-10.1563
-10.5749
-11.0035
-11.4412
-11.8869
-12.3392
-12.7966
-13.2572
-13.719
-14.1795
-14.6362
-15.086
-15.5258
-15.9521
-16.3613
-16.7493
-17.1123
-17.446
-17.7462
-18.0088
-18.2299
-18.4055
-18.5322
-18.607
-18.6272
-18.5908
-18.4964
-18.3433
-18.1315
-17.8618
-17.5356
-17.1552
-16.7232
-16.2432
-15.7191
-15.1551
-14.5558
-13.9261
-13.271
-12.5955
-11.9043
-11.2025
-10.4944
-9.7845
-9.07679
-8.37501
-7.68253
-7.00238
-6.33725
-5.68947
-5.06106
-4.45369
-3.86877
-3.30739
-2.77042
-2.25846
-1.77193
-1.31104
-0.875832
-0.466203
-0.0819133
0.277391
0.612163
0.922942
1.21034
1.47503
1.71773
1.9392
2.14025
2.32168
2.48435
2.6291
2.75678
2.86825
2.96438
3.046
3.11397
3.1691
3.21221
3.2441
3.26553
3.27727
3.28004
3.27455
3.26147
3.24148
3.21518
3.1832
3.14608
3.10439
3.05864
3.00932
2.95689
2.90178
2.84441
2.78516
2.72438
2.6624
2.59954
2.53607
2.47225
2.40834
2.34454
2.28105
2.21806
2.15573
2.0942
2.0336
1.97405
1.91565
1.85848
1.80262
1.74814
1.69508
1.64349
1.5934
1.54484
1.49782
1.45236
1.40846
1.36612
1.32534
1.28609
1.24837
1.21217
1.17745
1.14419
1.11237
1.08196
1.05292
1.02524
0.998862
0.973768
0.94992
0.927283
0.905824
0.885507
0.866298
0.848163
0.831069
0.814982
0.79987
0.785701
0.772444
0.76007
0.748547
0.73785
0.727949
0.71882
0.710436
0.702773
0.695809
0.689521
0.683888
0.67889
0.674509
0.670727
0.667526
0.664891
0.662808
0.661263
0.660243
0.659736
0.659732
0.660221
0.661194
0.662644
0.664562
0.666943
0.669782
0.673074
0.676815
0.681004
0.685637
0.690715
0.696235
0.702199
0.708608
0.715464
0.72277
0.730528
0.738744
0.747422
0.756567
0.766187
0.776288
0.786878
0.797966
0.809562
0.821674
0.834316
0.847497
0.861232
0.875532
0.890412
0.905888
0.921974
0.938688
0.956048
0.974071
0.992777
1.01219
1.03232
1.0532
1.07486
1.09731
1.12057
1.14469
1.16968
1.19558
1.22241
1.25021
1.27901
1.30885
1.33975
1.37176
1.40492
1.43926
1.47484
1.51168
1.54984
1.58937
1.63031
1.67272
1.71665
1.76214
1.80927
1.85809
1.90866
1.96104
2.0153
2.07152
2.12975
2.19007
2.25256
2.3173
2.38436
2.45384
2.52581
2.60037
2.6776
2.75761
2.84049
2.92634
3.01525
3.10734
3.20272
3.30148
3.40375
3.50963
3.61925
3.73272
3.85015
3.97167
4.09739
4.22744
4.36192
4.50097
4.6447
4.79321
4.94662
5.10503
5.26854
5.43724
5.61121
5.79053
5.97527
6.16545
6.36113
6.5623
6.76898
6.98111
7.19866
7.42153
7.64962
7.88276
8.12077
8.36341
8.6104
8.86142
9.11608
9.37393
9.63447
9.89713
10.1613
10.4262
10.6911
10.9552
11.2174
11.4769
11.7325
11.983
12.2273
12.464
12.6919
12.9095
13.1155
13.3084
13.4867
13.6491
13.7941
13.9204
14.0267
14.1118
14.1745
14.2138
14.229
14.2194
14.1843
14.1236
14.037
13.9246
13.7867
13.6237
13.4363
13.2253
12.9917
12.7368
12.4618
12.1681
11.8575
11.5314
11.1916
10.8399
10.4779
10.1075
9.73042
9.34834
8.96292
8.57577
8.18839
7.80221
7.41857
7.03872
6.66377
6.29478
5.93266
5.57824
5.23225
4.89531
4.56795
4.25061
3.94366
3.64736
3.36191
3.08746
2.82407
2.57175
2.33046
2.10012
1.8806
1.67173
1.47331
1.28511
1.1069
0.938384
0.77929
0.629312
0.488139
0.355451
0.230922
0.114224
0.00502608
-0.0970012
-0.192186
-0.280852
-0.363321
-0.439907
-0.510917
-0.576653
-0.637408
-0.693467
-0.745105
-0.792589
-0.836178
-0.876119
-0.912649
-0.945999
-0.976386
-1.00402
-1.0291
-1.05182
-1.07236
-1.09089
-1.10758
-1.12258
-1.13603
-1.14809
-1.15887
-1.1685
-1.1771
-1.18478
-1.19164
-1.19779
-1.2033
-1.20827
-1.21278
-1.2169
-1.2207
-1.22425
-1.22762
-1.23085
-1.234
-1.23713
-1.24028
-1.24349
-1.24681
-1.25028
-1.25392
-1.25778
-1.26188
-1.26627
-1.27095
-1.27597
-1.28135
-1.2871
-1.29326
-1.29984
-1.30687
-1.31437
-1.32235
-1.33083
-1.33983
-1.34938
-1.35947
-1.37015
-1.38141
-1.39328
-1.40578
-1.41892
-1.43271
-1.44718
-1.46235
-1.47823
-1.49483
-1.51219
-1.53031
-1.54921
-1.56893
-1.58947
-1.61086
-1.63312
-1.65627
-1.68034
-1.70536
-1.73134
-1.75831
-1.7863
-1.81534
-1.84546
-1.87669
-1.90905
-1.94258
-1.97732
-2.01329
-2.05054
-2.08911
-2.12902
-2.17032
-2.21305
-2.25725
-2.30297
-2.35025
-2.39913
-2.44968
-2.50193
-2.55593
-2.61174
-2.66942
-2.72901
-2.79058
-2.85418
-2.91987
-2.98772
-3.05778
-3.13013
-3.20482
-3.28191
-3.36149
-3.44362
-3.52836
-3.61579
-3.70597
-3.79898
-3.89489
-3.99377
-4.0957
-4.20073
-4.30894
-4.4204
-4.53517
-4.65331
-4.7749
-4.89998
-5.02861
-5.16084
-5.29671
-5.43627
-5.57953
-5.72652
-5.87726
-6.03175
-6.18998
-6.35193
-6.51757
-6.68684
-6.85968
-7.036
-7.21569
-7.39864
-7.58468
-7.77364
-7.96531
-8.15947
-8.35584
-8.55414
-8.75402
-8.95512
-9.15704
-9.35933
-9.56152
-9.76307
-9.96344
-10.162
-10.3581
-10.5512
-10.7404
-10.925
-11.1043
-11.2774
-11.4435
-11.6018
-11.7514
-11.8914
-12.0211
-12.1394
-12.2457
-12.3392
-12.4189
-12.4844
-12.5348
-12.5697
-12.5884
-12.5906
-12.5759
-12.544
-12.4949
-12.4284
-12.3447
-12.2438
-12.1262
-11.9921
-11.842
-11.6766
-11.4964
-11.3023
-11.0951
-10.8756
-10.6448
-10.4037
-10.1533
-9.8947
-9.62891
-9.357
-9.08004
-8.79908
-8.51513
-8.22918
-7.9422
-7.6551
-7.36874
-7.08393
-6.80145
-6.52201
-6.24624
-5.97475
-5.70807
-5.44668
-5.19101
-4.94143
-4.69824
-4.46173
-4.23211
-4.00956
-3.7942
-3.58613
-3.38541
-3.19205
-3.00605
-2.82738
-2.65595
-2.4917
-2.33452
-2.18427
-2.04082
-1.90401
-1.77369
-1.64966
-1.53176
-1.41979
-1.31355
-1.21285
-1.11748
-1.02725
-0.941955
-0.86139
-0.785357
-0.713658
-0.646101
-0.582493
-0.522648
-0.466383
-0.41352
-0.363887
-0.317315
-0.273642
-0.23271
-0.194369
-0.158473
-0.12488
-0.0934567
-0.0640738
-0.0366074
-0.0109396
0.0130427
0.0354471
0.0563762
0.0759275
0.094194
0.111264
0.12722
0.142143
0.156107
0.169183
0.18144
0.192939
0.203742
0.213905
0.223481
0.232521
0.241073
0.249181
0.256888
0.264233
0.271254
0.277986
0.284463
0.290716
0.296773
0.302664
0.308414
0.314048
0.31959
0.325061
0.330483
0.335876
0.341258
0.346646
0.35206
0.357514
0.363024
0.368605
0.374271
0.380037
0.385916
0.391921
0.398063
0.404357
0.410814
0.417445
0.424263
0.431279
0.438505
0.445953
0.453633
0.461557
0.469738
0.478186
0.486914
0.495934
0.505257
0.514898
0.524868
0.53518
0.545849
0.556887
0.568309
0.58013
0.592365
0.60503
0.61814
0.631712
0.645764
0.660314
0.67538
0.690981
0.707138
0.723871
0.741202
0.759153
0.777748
0.79701
0.816966
0.837641
0.859063
0.881259
0.90426
0.928097
0.952801
0.978406
1.00495
1.03246
1.06098
1.09055
1.12121
1.153
1.18597
1.22016
1.25561
1.29239
1.33054
1.37012
1.41118
1.45378
1.49798
1.54385
1.59145
1.64085
1.69212
1.74534
1.80057
1.85792
1.91744
1.97924
2.04341
2.11002
2.17919
2.25101
2.32559
2.40303
2.48344
2.56694
2.65364
2.74368
2.83716
2.93424
3.03503
3.13967
3.24831
3.36109
3.47815
3.59965
3.72573
3.85656
3.99228
4.13306
4.27905
4.43042
4.58731
4.74989
4.9183
5.0927
5.27322
5.46
5.65317
5.85284
6.05911
6.27207
6.49179
6.7183
6.95164
7.19179
7.4387
7.69231
7.95249
8.21907
8.49183
8.77051
9.05476
9.34416
9.63826
9.93646
10.2381
10.5426
10.8489
11.1561
11.4633
11.7693
12.0727
12.3724
12.6667
12.9542
13.2331
13.5018
13.7584
14.0011
14.228
14.4371
14.6266
14.7946
14.9393
15.0589
15.1519
15.2168
15.2523
15.2575
15.2314
15.1734
15.0833
14.961
14.8068
14.6212
14.4049
14.1591
13.8851
13.5844
13.2588
12.9102
12.5406
12.1524
11.7477
11.3288
10.8981
10.4579
10.0105
9.5581
9.10281
8.64668
8.19162
7.73942
7.29172
6.85004
6.41575
5.99006
5.57405
5.16866
4.7747
4.39285
4.02365
3.66755
3.32489
2.99589
2.6807
2.37938
2.09192
1.81823
1.55819
1.31159
1.07819
0.857726
0.649871
0.454287
0.27061
0.098452
-0.062586
-0.212917
-0.35296
-0.483142
-0.60389
-0.715631
-0.818793
-0.913796
-1.00106
-1.08098
-1.15398
-1.22043
-1.28071
-1.33521
-1.38428
-1.42825
-1.46747
-1.50226
-1.53293
-1.55977
-1.58306
-1.60307
-1.62007
-1.63429
-1.64597
-1.65534
-1.66258
-1.66792
-1.67153
-1.67358
-1.67425
-1.67368
-1.67204
-1.66944
-1.66602
-1.6619
-1.65719
-1.652
-1.64642
-1.64054
-1.63445
-1.62822
-1.62192
-1.61563
-1.6094
-1.60329
-1.59736
-1.59164
-1.58619
-1.58104
-1.57623
-1.57181
-1.56779
-1.56421
-1.5611
-1.55847
-1.55636
-1.55478
-1.55375
-1.55329
-1.55342
-1.55416
-1.5555
-1.55748
-1.5601
-1.56338
-1.56732
-1.57194
-1.57725
-1.58326
-1.58998
-1.59742
-1.60559
-1.61451
-1.62417
-1.63461
-1.64582
-1.65781
-1.67061
-1.68422
-1.69865
-1.71392
-1.73005
-1.74704
-1.76492
-1.7837
-1.80339
-1.82402
-1.8456
-1.86815
-1.89169
-1.91624
-1.94183
-1.96848
-1.99621
-2.02504
-2.05501
-2.08613
-2.11845
-2.15197
-2.18675
-2.2228
-2.26016
-2.29887
-2.33895
-2.38045
-2.4234
-2.46785
-2.51382
-2.56137
-2.61053
-2.66135
-2.71388
-2.76815
-2.82422
-2.88214
-2.94196
-3.00372
-3.06748
-3.1333
-3.20122
-3.27131
-3.34362
-3.41821
-3.49513
-3.57445
-3.65623
-3.74051
-3.82737
-3.91687
-4.00906
-4.104
-4.20176
-4.30238
-4.40593
-4.51246
-4.62203
-4.73468
-4.85046
-4.96941
-5.09158
-5.217
-5.34571
-5.47771
-5.61304
-5.7517
-5.89369
-6.039
-6.18762
-6.33951
-6.49463
-6.65293
-6.81433
-6.97874
-7.14606
-7.31616
-7.48889
-7.66409
-7.84156
-8.02109
-8.20243
-8.38531
-8.56944
-8.75448
-8.94007
-9.12582
-9.31131
-9.49607
-9.67963
-9.86144
-10.041
-10.2176
-10.3908
-10.5598
-10.724
-10.8827
-11.0353
-11.1809
-11.3189
-11.4485
-11.569
-11.6797
-11.7799
-11.8688
-11.9459
-12.0105
-12.062
-12.1
-12.1239
-12.1334
-12.1281
-12.1078
-12.0723
-12.0216
-11.9556
-11.8744
-11.7782
-11.6673
-11.542
-11.4028
-11.2501
-11.0845
-10.9068
-10.7175
-10.5175
-10.3076
-10.0886
-9.86142
-9.6269
-9.38596
-9.13953
-8.88849
-8.63374
-8.37616
-8.11661
-7.85591
-7.59484
-7.33416
-7.0746
-6.8168
-6.56141
-6.309
-6.0601
-5.81519
-5.57472
-5.33906
-5.10858
-4.88355
-4.66425
-4.45088
-4.24363
-4.04263
-3.848
-3.65979
-3.47806
-3.30281
-3.13404
-2.97172
-2.81579
-2.66617
-2.52277
-2.38549
-2.25421
-2.12879
-2.0091
-1.89498
-1.78629
-1.68286
-1.58453
-1.49112
-1.40247
-1.3184
-1.23875
-1.16334
-1.09201
-1.02457
-0.960883
-0.900767
-0.844068
-0.790628
-0.740296
-0.692922
-0.648363
-0.60648
-0.567136
-0.530202
-0.495552
-0.463064
-0.432623
-0.404116
-0.377437
-0.352484
-0.329158
-0.307366
-0.287019
-0.268032
-0.250325
-0.233821
-0.218447
-0.204134
-0.190816
-0.178433
-0.166925
-0.156237
-0.146317
-0.137115
-0.128586
-0.120685
-0.113372
-0.106607
-0.100355
-0.0945817
-0.0892548
-0.0843445
-0.0798227
-0.0756633
-0.0718416
-0.0683348
-0.0651214
-0.0621815
-0.0594964
-0.0570489
-0.0548226
-0.0528026
-0.050975
-0.0493267
-0.0478458
-0.0465211
-0.0453422
-0.0442996
-0.0433844
-0.0425886
-0.0419045
-0.0413253
-0.0408446
-0.0404565
-0.0401558
-0.0399375
-0.0397971
-0.0397305
-0.0397342
-0.0398047
-0.0399391
-0.0401346
-0.0403888
-0.0406996
-0.0410651
-0.0414837
-0.0419539
-0.0424745
-0.0430447
-0.0436634
-0.0443302
-0.0450446
-0.0458062
-0.046615
-0.0474709
-0.0483742
-0.0493251
-0.0503241
-0.0513717
-0.0524686
-0.0536157
-0.0548139
-0.0560643
-0.057368
-0.0587263
-0.0601408
-0.0616128
-0.0631441
-0.0647365
-0.0663918
-0.068112
-0.0698994
-0.0717561
-0.0736846
-0.0756875
-0.0777673
-0.079927
-0.0821694
-0.0844977
-0.0869151
-0.0894251
-0.0920313
-0.0947373
-0.0975473
-0.100465
-0.103495
-0.106642
-0.109911
-0.113306
-0.116833
-0.120497
-0.124304
-0.12826
-0.132371
-0.136643
-0.141083
-0.145699
-0.150498
-0.155487
-0.160675
-0.166071
-0.171683
-0.17752
-0.183593
-0.189911
-0.196485
-0.203327
-0.210448
-0.217861
-0.225577
-0.233612
-0.241978
-0.250691
-0.259766
-0.269218
-0.279066
-0.289327
-0.300019
-0.311162
-0.322776
-0.334882
-0.347504
-0.360664
-0.374386
-0.388698
-0.403625
-0.419197
-0.435442
-0.452392
-0.470079
-0.488539
-0.507805
-0.527917
-0.548913
-0.570836
-0.593727
-0.617634
-0.642603
-0.668685
-0.695931
-0.724398
-0.754143
-0.785227
-0.817713
-0.851668
-0.887162
-0.924268
-0.963064
-1.00363
-1.04605
-1.09042
-1.13682
-1.18535
-1.23613
-1.28925
-1.34482
-1.40298
-1.46383
-1.52751
-1.59416
-1.66391
-1.73693
-1.81335
-1.89335
-1.9771
-2.06477
-2.15655
-2.25264
-2.35324
-2.45856
-2.56883
-2.68426
-2.8051
-2.93161
-3.06403
-3.20263
-3.34769
-3.49949
-3.65833
-3.82451
-3.99833
-4.18011
-4.37018
-4.56885
-4.77646
-4.99333
-5.2198
-5.45619
-5.70281
-5.95998
-6.22798
-6.50709
-6.79756
-7.0996
-7.41339
-7.73906
-8.07669
-8.42628
-8.78777
-9.161
-9.5457
-9.94148
-10.3478
-10.7641
-11.1895
-11.6229
-12.0631
-12.5087
-12.9581
-13.4093
-13.8601
-14.308
-14.7505
-15.1845
-15.6067
-16.0138
-16.4021
-16.7677
-17.1068
-17.4153
-17.6892
-17.9247
-18.1179
-18.2655
-18.3642
-18.4114
-18.4047
-18.3426
-18.224
-18.0487
-17.8168
-17.5294
-17.1883
-16.7958
-16.3548
-15.8688
-15.3417
-14.7778
-14.1815
-13.5576
-12.9108
-12.2459
-11.5676
-10.8803
-10.1885
-9.49616
-8.80708
-8.12475
-7.4523
-6.79256
-6.14799
-5.52077
-4.91272
-4.3254
-3.76006
-3.21771
-2.6991
-2.20479
-1.7351
-1.29022
-0.870135
-0.474721
-0.103719
0.243237
0.566603
0.866915
1.14478
1.40085
1.63584
1.85048
2.04555
2.22185
2.38018
2.52136
2.64622
2.75557
2.85026
2.93108
2.99884
3.05433
3.09834
3.1316
3.15488
3.16888
3.17429
3.17179
3.16203
3.14563
3.12318
3.09526
3.0624
3.02513
2.98394
2.93928
2.8916
2.8413
2.78878
2.7344
2.6785
2.62138
2.56335
2.50467
2.44559
2.38633
2.32712
2.26813
2.20954
2.1515
2.09416
2.03764
1.98206
1.9275
1.87405
1.82179
1.77078
1.72107
1.6727
1.62572
1.58015
1.536
1.49329
1.45203
1.41221
1.37385
1.33692
1.30143
1.26734
1.23465
1.20334
1.17338
1.14475
1.11742
1.09136
1.06656
1.04297
1.02056
0.999319
0.979202
0.960181
0.942226
0.925307
0.909394
0.894457
0.880468
0.867399
0.855222
0.84391
0.833438
0.823779
0.814911
0.80681
0.799453
0.792819
0.786887
0.78164
0.777057
0.773122
0.769818
0.767131
0.765045
0.763547
0.762626
0.762269
0.762466
0.763208
0.764487
0.766293
0.768622
0.771467
0.774823
0.778687
0.783054
0.787924
0.793294
0.799164
0.805534
0.812405
0.819779
0.82766
0.836049
0.844953
0.854375
0.864322
0.874801
0.885819
0.897384
0.909507
0.922196
0.935463
0.949319
0.963777
0.97885
0.994554
1.0109
1.02791
1.0456
1.06398
1.08308
1.10291
1.12349
1.14486
1.16702
1.19001
1.21385
1.23857
1.26419
1.29074
1.31825
1.34676
1.37629
1.40688
1.43857
1.47139
1.50539
1.54059
1.57704
1.61479
1.65388
1.69436
1.73627
1.77966
1.8246
1.87112
1.91929
1.96917
2.02081
2.07428
2.12964
2.18696
2.24631
2.30776
2.37138
2.43725
2.50544
2.57605
2.64914
2.72482
2.80316
2.88425
2.9682
3.05508
3.14501
3.23808
3.33439
3.43405
3.53716
3.64383
3.75416
3.86826
3.98625
4.10823
4.23432
4.36461
4.49922
4.63825
4.78181
4.92999
5.08288
5.24058
5.40317
5.57072
5.74329
5.92095
6.10372
6.29164
6.48472
6.68294
6.88627
7.09467
7.30805
7.52631
7.74929
7.97683
8.20871
8.44468
8.68442
8.9276
9.1738
9.42256
9.67339
9.92568
10.1788
10.4321
10.6847
10.9358
11.1845
11.4299
11.6708
11.9063
12.135
12.3559
12.5676
12.769
12.9586
13.1351
13.2973
13.4439
13.5735
13.685
13.7771
13.8489
13.8994
13.9277
13.9331
13.915
13.873
13.807
13.7168
13.6025
13.4644
13.3031
13.1191
12.9132
12.6866
12.4402
12.1753
11.8932
11.5954
11.2835
10.9589
10.6233
10.2783
9.92554
9.56659
9.20304
8.8364
8.46813
8.09963
7.73222
7.36712
7.00549
6.64837
6.29672
5.9514
5.61319
5.28275
4.96069
4.64751
4.34361
4.04935
3.765
3.49075
3.22673
2.97303
2.72968
2.49663
2.27383
2.06117
1.8585
1.66565
1.48241
1.30857
1.14387
0.98806
0.840864
0.701997
0.571166
0.448072
0.332412
0.223884
0.122181
0.0270008
-0.0619577
-0.144992
-0.222394
-0.29445
-0.361443
-0.423644
-0.48132
-0.53473
-0.584124
-0.629742
-0.671819
-0.710577
-0.746233
-0.778994
-0.809055
-0.836608
-0.861831
-0.884898
-0.905971
-0.925206
-0.94275
-0.958745
-0.973322
-0.986607
-0.998718
-1.00977
-1.01986
-1.0291
-1.03757
-1.04538
-1.05259
-1.05928
-1.06554
-1.07142
-1.077
-1.08233
-1.08747
-1.09247
-1.09739
-1.10227
-1.10715
-1.11207
-1.11708
-1.12221
-1.12749
-1.13296
-1.13864
-1.14457
-1.15077
-1.15727
-1.16409
-1.17126
-1.17879
-1.18672
-1.19505
-1.20382
-1.21303
-1.22271
-1.23289
-1.24356
-1.25476
-1.2665
-1.27881
-1.29168
-1.30515
-1.31924
-1.33395
-1.34932
-1.36535
-1.38207
-1.39949
-1.41764
-1.43654
-1.4562
-1.47665
-1.49791
-1.52
-1.54295
-1.56679
-1.59152
-1.61719
-1.64382
-1.67143
-1.70006
-1.72973
-1.76048
-1.79234
-1.82533
-1.85951
-1.89489
-1.93151
-1.96943
-2.00866
-2.04926
-2.09127
-2.13473
-2.17968
-2.22618
-2.27426
-2.32398
-2.37539
-2.42854
-2.48349
-2.54029
-2.599
-2.65967
-2.72238
-2.78718
-2.85413
-2.9233
-2.99476
-3.06858
-3.14482
-3.22355
-3.30486
-3.38881
-3.47548
-3.56494
-3.65728
-3.75256
-3.85086
-3.95227
-4.05686
-4.1647
-4.27588
-4.39047
-4.50853
-4.63015
-4.75539
-4.88432
-5.01699
-5.15346
-5.29379
-5.43802
-5.58618
-5.7383
-5.89441
-6.05452
-6.21861
-6.38667
-6.55867
-6.73456
-6.91428
-7.09773
-7.28481
-7.47539
-7.6693
-7.86637
-8.06637
-8.26905
-8.47415
-8.68133
-8.89024
-9.10049
-9.31165
-9.52322
-9.73469
-9.9455
-10.155
-10.3626
-10.5676
-10.7692
-10.9666
-11.1591
-11.3458
-11.5257
-11.698
-11.8619
-12.0162
-12.1601
-12.2928
-12.4131
-12.5203
-12.6136
-12.692
-12.7548
-12.8014
-12.8311
-12.8434
-12.8378
-12.8141
-12.772
-12.7113
-12.6322
-12.5347
-12.419
-12.2856
-12.1349
-11.9674
-11.7839
-11.5852
-11.3722
-11.1457
-10.9067
-10.6564
-10.3959
-10.1263
-9.84863
-9.56419
-9.2741
-8.9795
-8.68149
-8.38117
-8.07958
-7.77772
-7.47654
-7.17694
-6.87975
-6.58574
-6.29563
-6.01006
-5.72963
-5.45484
-5.18617
-4.92401
-4.66871
-4.42056
-4.17979
-3.94658
-3.72109
-3.50339
-3.29356
-3.09161
-2.89752
-2.71126
-2.53274
-2.36187
-2.19853
-2.04258
-1.89386
-1.75221
-1.61744
-1.48936
-1.36777
-1.25245
-1.1432
-1.0398
-0.94203
-0.849672
-0.762506
-0.680314
-0.602879
-0.529988
-0.461431
-0.397002
-0.336498
-0.279724
-0.226487
-0.176601
-0.129886
-0.0861679
-0.0452775
-0.00705278
0.0286625
0.0620184
0.0931587
0.122222
0.149339
0.174636
0.198233
0.220246
0.240782
0.259946
0.277837
0.294547
0.310165
0.324776
0.338458
0.351287
0.363335
0.374667
0.385349
0.395439
0.404994
0.414067
0.422709
0.430967
0.438885
0.446506
0.453869
0.461012
0.467969
0.474773
0.481458
0.488051
0.494581
0.501074
0.507556
0.514051
0.520581
0.527167
0.53383
0.540591
0.547468
0.554478
0.56164
0.56897
0.576486
0.584202
0.592134
0.600298
0.608709
0.617381
0.626329
0.635568
0.645111
0.654974
0.665171
0.675717
0.686627
0.697915
0.709596
0.721686
0.734202
0.747158
0.760571
0.774459
0.788838
0.803726
0.819143
0.835106
0.851635
0.868751
0.886474
0.904827
0.92383
0.943509
0.963886
0.984987
1.00684
1.02946
1.0529
1.07716
1.10229
1.12831
1.15526
1.18318
1.21208
1.24202
1.27303
1.30515
1.33843
1.37289
1.40859
1.44558
1.4839
1.52359
1.56472
1.60734
1.65149
1.69725
1.74466
1.7938
1.84472
1.89749
1.95218
2.00887
2.06763
2.12853
2.19165
2.25708
2.32491
2.39521
2.46809
2.54363
2.62194
2.70311
2.78725
2.87446
2.96485
3.05853
3.15562
3.25624
3.3605
3.46852
3.58044
3.69637
3.81644
3.94079
4.06954
4.20281
4.34075
4.48347
4.63111
4.78379
4.94162
5.10473
5.27322
5.4472
5.62677
5.81199
6.00295
6.19971
6.4023
6.61074
6.82504
7.04517
7.27108
7.50267
7.73985
7.98244
8.23024
8.48302
8.74047
9.00224
9.26792
9.53703
9.80903
10.0833
10.3592
10.6358
10.9125
11.1881
11.4618
11.7324
11.9987
12.2595
12.5134
12.759
12.9949
13.2196
13.4315
13.6291
13.8108
13.975
14.1203
14.2452
14.3482
14.4282
14.484
14.5145
14.5189
14.4966
14.447
14.3698
14.2652
14.1331
13.974
13.7886
13.5775
13.342
13.0831
12.8023
12.501
12.181
11.8439
11.4916
11.1261
10.7491
10.3626
9.96855
9.56875
9.16503
8.75913
8.3527
7.94732
7.54444
7.14543
6.75153
6.36387
5.98346
5.61122
5.24792
4.89426
4.55081
4.21805
3.89638
3.58608
3.28738
3.00043
2.72529
2.46197
2.21044
1.97059
1.74228
1.52533
1.31953
1.12462
0.940342
0.766388
0.602451
0.448204
0.303309
0.167419
0.0401838
-0.0787533
-0.189748
-0.293158
-0.389334
-0.478628
-0.561383
-0.637938
-0.708625
-0.773766
-0.833676
-0.888661
-0.939015
-0.985026
-1.02697
-1.06511
-1.0997
-1.13099
-1.1592
-1.18457
-1.2073
-1.22761
-1.24567
-1.26168
-1.27581
-1.28822
-1.29907
-1.3085
-1.31666
-1.32367
-1.32966
-1.33474
-1.33903
-1.34262
-1.34561
-1.34809
-1.35014
-1.35184
-1.35327
-1.35448
-1.35556
-1.35655
-1.35751
-1.35849
-1.35955
-1.36072
-1.36205
-1.36357
-1.36532
-1.36735
-1.36966
-1.37231
-1.37531
-1.3787
-1.38249
-1.3867
-1.39137
-1.39651
-1.40214
-1.40828
-1.41495
-1.42217
-1.42995
-1.4383
-1.44725
-1.45682
-1.46701
-1.47784
-1.48933
-1.5015
-1.51435
-1.52791
-1.54219
-1.55721
-1.57298
-1.58953
-1.60687
-1.62501
-1.64398
-1.6638
-1.68448
-1.70605
-1.72853
-1.75193
-1.77629
-1.80163
-1.82797
-1.85533
-1.88375
-1.91325
-1.94385
-1.9756
-2.00851
-2.04263
-2.07798
-2.1146
-2.15252
-2.19177
-2.23241
-2.27446
-2.31797
-2.36297
-2.40952
-2.45765
-2.50741
-2.55885
-2.61201
-2.66695
-2.72371
-2.78235
-2.84293
-2.90549
-2.9701
-3.03681
-3.10568
-3.17677
-3.25015
-3.32587
-3.404
-3.4846
-3.56774
-3.65348
-3.74189
-3.83304
-3.92699
-4.02381
-4.12356
-4.22632
-4.33213
-4.44107
-4.5532
-4.66857
-4.78724
-4.90926
-5.03469
-5.16355
-5.29591
-5.43178
-5.57119
-5.71416
-5.8607
-6.01081
-6.16448
-6.32168
-6.48238
-6.64653
-6.81407
-6.98489
-7.15892
-7.33601
-7.51602
-7.69879
-7.88412
-8.07178
-8.26153
-8.45308
-8.64613
-8.84032
-9.03527
-9.23058
-9.42578
-9.62039
-9.81389
-10.0057
-10.1952
-10.3819
-10.5649
-10.7437
-10.9175
-11.0855
-11.247
-11.4012
-11.5473
-11.6845
-11.8119
-11.9288
-12.0345
-12.1281
-12.2089
-12.2763
-12.3296
-12.3683
-12.3918
-12.3997
-12.3917
-12.3675
-12.327
-12.27
-12.1965
-12.1068
-12.0009
-11.8793
-11.7423
-11.5904
-11.4242
-11.2444
-11.0518
-10.847
-10.6311
-10.4048
-10.1691
-9.92503
-9.67354
-9.41563
-9.15229
-8.88452
-8.61328
-8.33952
-8.06416
-7.78809
-7.51214
-7.23713
-6.96379
-6.69283
-6.4249
-6.1606
-5.90047
-5.64501
-5.39465
-5.14978
-4.91075
-4.67783
-4.45128
-4.23129
-4.01802
-3.81159
-3.61209
-3.41956
-3.23402
-3.05546
-2.88384
-2.71911
-2.56117
-2.40994
-2.26529
-2.1271
-1.99521
-1.86947
-1.74972
-1.63579
-1.52749
-1.42466
-1.32709
-1.23461
-1.14702
-1.06414
-0.985773
-0.911739
-0.841852
-0.775928
-0.71379
-0.655262
-0.600172
-0.548353
-0.499644
-0.453887
-0.410928
-0.370621
-0.332823
-0.297397
-0.26421
-0.233136
-0.204054
-0.176846
-0.151402
-0.127615
-0.105383
-0.0846107
-0.0652048
-0.0470779
-0.0301468
-0.0143326
0.00043965
0.014241
0.0271386
0.039196
0.0504733
0.0610272
0.0709114
0.0801762
0.0888694
0.0970359
0.104718
0.111955
0.118785
0.125243
0.131363
0.137174
0.142707
0.14799
0.153047
0.157904
0.162583
0.167106
0.171493
0.175763
0.179934
0.184024
0.188048
0.192022
0.195959
0.199874
0.203779
0.207687
0.211609
0.215557
0.219542
0.223573
0.22766
0.231814
0.236044
0.240358
0.244766
0.249275
0.253896
0.258635
0.263502
0.268504
0.27365
0.278948
0.284406
0.290033
0.295836
0.301825
0.308007
0.314392
0.320989
0.327806
0.334854
0.34214
0.349676
0.357471
0.365537
0.373882
0.38252
0.39146
0.400716
0.410298
0.420221
0.430497
0.441141
0.452165
0.463586
0.475418
0.487678
0.500383
0.513548
0.527194
0.541338
0.556001
0.571201
0.586962
0.603305
0.620253
0.63783
0.656061
0.674973
0.694592
0.714948
0.73607
0.757989
0.780737
0.804348
0.828857
0.854301
0.880718
0.908148
0.936633
0.966216
0.996943
1.02886
1.06202
1.09647
1.13226
1.16946
1.20812
1.24829
1.29006
1.33347
1.37861
1.42553
1.47433
1.52507
1.57784
1.63272
1.6898
1.74918
1.81095
1.87521
1.94207
2.01163
2.084
2.15931
2.23767
2.31922
2.40407
2.49237
2.58426
2.67989
2.7794
2.88294
2.99069
3.1028
3.21944
3.34079
3.46702
3.59832
3.73488
3.87688
4.02452
4.17798
4.33747
4.50319
4.67532
4.85406
5.0396
5.23213
5.43183
5.63886
5.85339
6.07556
6.3055
6.54332
6.7891
7.0429
7.30474
7.57462
7.85246
8.13816
8.43157
8.73245
9.04051
9.35538
9.67659
10.0036
10.3358
10.6723
11.0123
11.3549
11.6988
12.0428
12.3855
12.7254
13.0607
13.3897
13.7103
14.0206
14.3184
14.6013
14.8671
15.1134
15.3378
15.538
15.7117
15.8566
15.9708
16.0524
16.0996
16.1112
16.0861
16.0233
15.9226
15.7839
15.6073
15.3937
15.144
14.8596
14.5422
14.1938
13.8165
13.4129
12.9856
12.5373
12.0709
11.5892
11.0951
10.5914
10.081
9.5664
9.05025
8.5349
8.02258
7.51537
7.01512
6.52353
6.04212
5.57221
5.11494
4.67129
4.24209
3.82798
3.4295
3.04702
2.68082
2.33103
1.99773
1.68085
1.3803
1.09587
0.827309
0.574313
0.336526
0.113553
-0.0950337
-0.289688
-0.470887
-0.639123
-0.794902
-0.938737
-1.07115
-1.19265
-1.30377
-1.40502
-1.4969
-1.57993
-1.65458
-1.72135
-1.7807
-1.83308
-1.87895
-1.91872
-1.95281
-1.98162
-2.00553
-2.0249
-2.04009
-2.05143
-2.05923
-2.06381
-2.06544
-2.06441
-2.06096
-2.05535
-2.0478
-2.03853
-2.02773
-2.01561
-2.00233
-1.98808
-1.97299
-1.95721
-1.94088
-1.92413
-1.90706
-1.88979
-1.8724
-1.855
-1.83766
-1.82047
-1.80348
-1.78676
-1.77037
-1.75437
-1.73879
-1.72368
-1.70908
-1.69503
-1.68154
-1.66866
-1.6564
-1.64479
-1.63384
-1.62357
-1.614
-1.60514
-1.59699
-1.58957
-1.58289
-1.57695
-1.57176
-1.56733
-1.56365
-1.56073
-1.55858
-1.5572
-1.55659
-1.55675
-1.55769
-1.55941
-1.56191
-1.56519
-1.56926
-1.57412
-1.57978
-1.58623
-1.59349
-1.60156
-1.61044
-1.62014
-1.63066
-1.64203
-1.65423
-1.66728
-1.6812
-1.69598
-1.71165
-1.72821
-1.74568
-1.76407
-1.7834
-1.80367
-1.82492
-1.84715
-1.87038
-1.89464
-1.91994
-1.9463
-1.97376
-2.00232
-2.03203
-2.06289
-2.09494
-2.12822
-2.16274
-2.19854
-2.23565
-2.2741
-2.31394
-2.35518
-2.39788
-2.44207
-2.48779
-2.53508
-2.58398
-2.63454
-2.6868
-2.7408
-2.79661
-2.85425
-2.9138
-2.97529
-3.03878
-3.10432
-3.17197
-3.24178
-3.31381
-3.38812
-3.46477
-3.54382
-3.62533
-3.70935
-3.79595
-3.88519
-3.97713
-4.07183
-4.16936
-4.26976
-4.3731
-4.47943
-4.58882
-4.7013
-4.81693
-4.93576
-5.05783
-5.18317
-5.31182
-5.44381
-5.57915
-5.71785
-5.85993
-6.00537
-6.15417
-6.30628
-6.46168
-6.62031
-6.78211
-6.94698
-7.11483
-7.28552
-7.45894
-7.63489
-7.81321
-7.99367
-8.17604
-8.36005
-8.54541
-8.73178
-8.91882
-9.10612
-9.29327
-9.47982
-9.66526
-9.84909
-10.0307
-10.2096
-10.3851
-10.5566
-10.7234
-10.8848
-11.0401
-11.1885
-11.3294
-11.462
-11.5855
-11.6992
-11.8024
-11.8944
-11.9745
-12.0421
-12.0966
-12.1374
-12.1641
-12.1763
-12.1735
-12.1557
-12.1224
-12.0737
-12.0096
-11.9301
-11.8353
-11.7256
-11.6013
-11.4628
-11.3105
-11.1452
-10.9674
-10.7779
-10.5774
-10.3668
-10.1468
-9.91846
-9.68257
-9.44008
-9.19191
-8.93898
-8.68221
-8.42248
-8.16066
-7.89759
-7.63408
-7.3709
-7.10878
-6.84841
-6.59041
-6.33538
-6.08387
-5.83637
-5.59332
-5.35514
-5.12215
-4.89469
-4.673
-4.45731
-4.24781
-4.04462
-3.84788
-3.65764
-3.47395
-3.29684
-3.12628
-2.96225
-2.80468
-2.65351
-2.50865
-2.36998
-2.23738
-2.11073
-1.98987
-1.87466
-1.76494
-1.66055
-1.56132
-1.46707
-1.37764
-1.29285
-1.21252
-1.13649
-1.06458
-0.996615
-0.932431
-0.871862
-0.814745
-0.76092
-0.710234
-0.662536
-0.617679
-0.57552
-0.535924
-0.498757
-0.463891
-0.431205
-0.400578
-0.371899
-0.345057
-0.319951
-0.296479
-0.274547
-0.254065
-0.234947
-0.21711
-0.200477
-0.184974
-0.17053
-0.15708
-0.14456
-0.132912
-0.122078
-0.112006
-0.102646
-0.09395
-0.0858745
-0.0783773
-0.0714193
-0.0649633
-0.0589746
-0.0534208
-0.0482713
-0.0434974
-0.0390723
-0.0349709
-0.0311698
-0.0276468
-0.0243816
-0.0213549
-0.0185488
-0.0159467
-0.0135328
-0.0112928
-0.00921301
-0.00728086
-0.0054846
-0.00381329
-0.00225675
-0.0008055
0.000549259
0.00181573
0.00300152
0.00411373
0.00515893
0.00614326
0.00707241
0.00795168
0.00878598
0.00957992
0.0103377
0.0110634
0.0117607
0.012433
0.0130836
0.0137154
0.0143313
0.0149339
0.0155258
0.0161092
0.0166863
0.0172592
0.0178299
0.0184002
0.0189719
0.0195467
0.0201262
0.020712
0.0213055
0.0219081
0.0225214
0.0231467
0.0237852
0.0244384
0.0251075
0.0257939
0.0264987
0.0272234
0.0279691
0.0287372
0.029529
0.0303457
0.0311889
0.0320597
0.0329596
0.03389
0.0348524
0.0358483
0.0368793
0.0379468
0.0390527
0.0401985
0.0413861
0.0426173
0.043894
0.0452181
0.0465917
0.0480169
0.0494959
0.0510311
0.0526248
0.0542796
0.0559981
0.0577829
0.0596369
0.0615631
0.0635646
0.0656447
0.0678066
0.0700539
0.0723903
0.0748198
0.0773462
0.0799738
0.082707
0.0855504
0.0885089
0.0915875
0.0947914
0.0981262
0.101598
0.105212
0.108975
0.112894
0.116976
0.121227
0.125656
0.130271
0.135079
0.14009
0.145313
0.150757
0.156432
0.16235
0.16852
0.174956
0.181668
0.18867
0.195974
0.203596
0.211549
0.219849
0.228513
0.237557
0.246998
0.256857
0.267151
0.277903
0.289132
0.300863
0.313118
0.325924
0.339304
0.353289
0.367905
0.383184
0.399157
0.415857
0.433321
0.451584
0.470685
0.490665
0.511566
0.533434
0.556316
0.58026
0.605319
0.631548
0.659004
0.687747
0.717841
0.749352
0.782351
0.81691
0.853106
0.891022
0.930743
0.972357
1.01596
1.06165
1.10953
1.15971
1.21231
1.26744
1.32523
1.38582
1.44934
1.51594
1.58577
1.659
1.7358
1.81633
1.90079
1.98937
2.08227
2.17971
2.28191
2.3891
2.50152
2.61944
2.7431
2.8728
3.0088
3.15142
3.30095
3.45772
3.62206
3.79431
3.97481
4.16392
4.36201
4.56944
4.78661
5.01387
5.25162
5.50023
5.76007
6.03149
6.31485
6.61047
6.91864
7.23963
7.57365
7.92088
8.28141
8.65527
9.0424
9.44262
9.85566
10.2811
10.7183
11.1665
11.6247
12.0919
12.5665
13.0468
13.5309
14.0164
14.501
14.9815
15.4549
15.9175
16.3657
16.7952
17.2019
17.5813
17.9287
18.2395
18.5093
18.7336
18.9083
19.0297
19.0944
19.0997
19.0435
18.9246
18.7425
18.4972
18.1901
17.823
17.3986
16.9202
16.3918
15.818
15.2036
14.5539
13.8743
13.1702
12.447
11.7102
10.9647
10.2156
9.46724
8.72394
7.98951
7.26738
6.5606
5.87185
5.20341
4.55722
3.93488
3.33766
2.76656
2.22231
1.7054
1.21611
0.754524
0.320553
-0.0860314
-0.465589
-0.818593
-1.14561
-1.44729
-1.72436
-1.97758
-2.20777
-2.41581
-2.60256
-2.76895
-2.91589
-3.04433
-3.15518
-3.2494
-3.32791
-3.39162
-3.44146
-3.47831
-3.50305
-3.51653
-3.51958
-3.51302
-3.49761
-3.47412
-3.44327
-3.40576
-3.36225
-3.31338
-3.25974
-3.20192
-3.14046
-3.07586
-3.00861
-2.93915
-2.86791
-2.79528
-2.72162
-2.64727
-2.57253
-2.4977
-2.42303
-2.34875
-2.27508
-2.20222
-2.13033
-2.05956
-1.99005
-1.92193
-1.85528
-1.7902
-1.72676
-1.66502
-1.60503
-1.54682
-1.49043
-1.43586
-1.38314
-1.33225
-1.28321
-1.23599
-1.19058
-1.14696
-1.1051
-1.06498
-1.02656
-0.989803
-0.954674
-0.921134
-0.889141
-0.858653
-0.829627
-0.802018
-0.775782
-0.750875
-0.727253
-0.704871
-0.683685
-0.663653
-0.644732
-0.62688
-0.610056
-0.594222
-0.579337
-0.565364
-0.552268
-0.540012
-0.528563
-0.517887
-0.507954
-0.498733
-0.490196
-0.482313
-0.47506
-0.46841
-0.46234
-0.456826
-0.451849
-0.447386
-0.443418
-0.439928
-0.436899
-0.434314
-0.432158
-0.430418
-0.429081
-0.428133
-0.427565
-0.427367
-0.427527
-0.42804
-0.428895
-0.430088
-0.431611
-0.433459
-0.435628
-0.438113
-0.440912
-0.444021
-0.447439
-0.451165
-0.455198
-0.459538
-0.464186
-0.469142
-0.474408
-0.479987
-0.485882
-0.492096
-0.498634
-0.505499
-0.512696
-0.520233
-0.528114
-0.536347
-0.544939
-0.553898
-0.563233
-0.572953
-0.583067
-0.593586
-0.60452
-0.615883
-0.627684
-0.639938
-0.652659
-0.665859
-0.679555
-0.693762
-0.708496
-0.723775
-0.739617
-0.756041
-0.773066
-0.790714
-0.809005
-0.827962
-0.847609
-0.86797
-0.889071
-0.910939
-0.933602
-0.957088
-0.981428
-1.00665
-1.0328
-1.05989
-1.08798
-1.11709
-1.14726
-1.17854
-1.21097
-1.24459
-1.27945
-1.31558
-1.35306
-1.39191
-1.43221
-1.474
-1.51734
-1.5623
-1.60893
-1.6573
-1.70748
-1.75954
-1.81355
-1.86959
-1.92773
-1.98807
-2.05068
-2.11565
-2.18307
-2.25304
-2.32566
-2.40103
-2.47924
-2.56042
-2.64467
-2.7321
-2.82285
-2.91702
-3.01474
-3.11615
-3.22138
-3.33055
-3.44382
-3.56131
-3.68318
-3.80957
-3.94063
-4.0765
-4.21733
-4.36328
-4.51449
-4.6711
-4.83327
-5.00114
-5.17483
-5.35447
-5.5402
-5.73212
-5.93032
-6.1349
-6.34592
-6.56344
-6.78747
-7.01803
-7.25507
-7.49855
-7.74837
-8.00438
-8.2664
-8.5342
-8.80747
-9.08587
-9.36898
-9.6563
-9.94726
-10.2412
-10.5374
-10.835
-11.1331
-11.4307
-11.7266
-12.0196
-12.3084
-12.5916
-12.8677
-13.135
-13.392
-13.6368
-13.8678
-14.0831
-14.281
-14.4596
-14.6172
-14.752
-14.8626
-14.9475
-15.0052
-15.0346
-15.0349
-15.0051
-14.9449
-14.8539
-14.7322
-14.58
-14.3978
-14.1865
-13.947
-13.6806
-13.3889
-13.0733
-12.7359
-12.3785
-12.0031
-11.6121
-11.2074
-10.7914
-10.3662
-9.93394
-9.49677
-9.05669
-8.61563
-8.17541
-7.73772
-7.30415
-6.87614
-6.455
-6.0419
-5.63789
-5.24388
-4.86064
-4.48884
-4.12904
-3.78166
-3.44704
-3.12543
-2.81697
-2.52175
-2.23976
-1.97095
-1.7152
-1.47233
-1.24213
-1.02434
-0.818684
-0.624833
-0.442449
-0.271173
-0.110628
0.0395748
0.179831
0.310543
0.432116
0.544956
0.649467
0.746052
0.835105
0.917017
0.992171
1.06094
1.12369
1.18077
1.23253
1.2793
1.3214
1.35913
1.3928
1.42269
1.44907
1.47221
1.49234
1.50971
1.52454
1.53705
1.54744
1.55589
1.56259
1.56772
1.57143
1.57387
1.57518
1.57551
1.57497
1.57369
1.57176
1.5693
1.5664
1.56315
1.55964
1.55593
1.5521
1.54822
1.54435
1.54054
1.53686
1.53334
1.53003
1.52698
1.52422
1.52179
1.51971
1.51804
1.51678
1.51596
1.51562
1.51576
1.51642
1.51761
1.51936
1.52167
1.52456
1.52805
1.53216
1.53689
1.54226
1.54829
1.55498
1.56235
1.57041
1.57918
1.58866
1.59887
1.60982
1.62152
1.634
1.64725
1.66129
1.67615
1.69182
1.70834
1.72571
1.74395
1.76307
1.7831
1.80406
1.82596
1.84882
1.87267
1.89752
1.9234
1.95033
1.97835
2.00746
2.0377
2.0691
2.10168
2.13548
2.17053
2.20685
2.24449
2.28347
2.32384
2.36562
2.40886
2.45359
2.49987
2.54772
2.59719
2.64833
2.70119
2.7558
2.81222
2.8705
2.93068
2.99283
3.05699
3.12322
3.19158
3.26212
3.33489
3.40996
3.48739
3.56723
3.64955
3.73441
3.82186
3.91198
4.00481
4.10043
4.19889
4.30025
4.40456
4.51189
4.62228
4.7358
4.85248
4.97237
5.09552
5.22196
5.35171
5.48481
5.62128
5.76111
5.90433
6.0509
6.20083
6.35407
6.51059
6.67032
6.8332
6.99912
7.16799
7.33968
7.51404
7.69089
7.87004
8.05127
8.23433
8.41895
8.60482
8.7916
8.97893
9.1664
9.35359
9.54002
9.72519
9.90858
10.0896
10.2677
10.4422
10.6124
10.7778
10.9375
11.0909
11.2372
11.3757
11.5057
11.6263
11.737
11.8368
11.9253
12.0016
12.0652
12.1156
12.152
12.1743
12.1818
12.1743
12.1516
12.1134
12.0598
11.9907
11.9063
11.8067
11.6922
11.5632
11.4201
11.2635
11.094
10.9122
10.7189
10.5148
10.3009
10.0779
9.84683
9.60849
9.36382
9.11377
8.85925
8.60117
8.34041
8.07783
7.81427
7.55052
7.28734
7.02545
6.76551
6.50815
6.25395
6.00344
5.7571
5.51535
5.27858
5.04714
4.8213
4.60133
4.38744
4.17978
3.9785
3.78368
3.5954
3.4137
3.23857
3.06999
2.90794
2.75234
2.60312
2.46017
2.32339
2.19265
2.06781
1.94873
1.83525
1.72722
1.62446
1.52681
1.4341
1.34615
1.26279
1.18384
1.10914
1.0385
0.971756
0.908742
0.849293
0.793247
0.740445
0.690733
0.643964
0.59999
0.558672
0.519873
0.483462
0.449314
0.417306
0.387321
0.359248
0.332979
0.308412
0.285449
0.263995
0.243963
0.225267
0.207826
0.191564
0.176408
0.162289
0.149142
0.136904
0.125518
0.114929
0.105083
0.0959324
0.0874304
0.0795334
0.0722005
0.0653929
0.0590745
0.0532111
0.0477709
0.0427239
0.0380419
0.0336987
0.0296697
0.0259318
0.0224635
0.0192446
0.0162564
0.0134813
0.0109028
0.00850582
0.00627597
0.00419999
0.0022655
0.00046095
-0.00122439
-0.00280054
-0.00427681
-0.00566186
-0.00696378
-0.00819007
-0.00934773
-0.0104433
-0.0114827
-0.0124718
-0.0134157
-0.0143193
-0.0151873
-0.0160238
-0.016833
-0.0176184
-0.0183836
-0.0191319
-0.0198663
-0.0205897
-0.0213049
-0.0220144
-0.0227206
-0.0234259
-0.0241323
-0.0248421
-0.0255572
-0.0262796
-0.027011
-0.0277533
-0.0285081
-0.0292773
-0.0300624
-0.0308651
-0.0316869
-0.0325295
-0.0333944
-0.0342832
-0.0351974
-0.0361387
-0.0371085
-0.0381086
-0.0391406
-0.040206
-0.0413067
-0.0424443
-0.0436206
-0.0448374
-0.0460966
-0.0474001
-0.0487499
-0.050148
-0.0515966
-0.0530979
-0.0546541
-0.0562677
-0.057941
-0.0596766
-0.0614772
-0.0633456
-0.0652846
-0.0672972
-0.0693866
-0.071556
-0.0738088
-0.0761485
-0.0785789
-0.0811039
-0.0837274
-0.0864536
-0.0892871
-0.0922323
-0.0952941
-0.0984775
-0.101788
-0.10523
-0.108811
-0.112536
-0.116411
-0.120443
-0.12464
-0.129007
-0.133553
-0.138285
-0.143212
-0.148342
-0.153685
-0.15925
-0.165047
-0.171085
-0.177377
-0.183934
-0.190767
-0.197889
-0.205313
-0.213054
-0.221124
-0.22954
-0.238317
-0.247472
-0.257022
-0.266986
-0.277382
-0.288231
-0.299554
-0.311372
-0.323709
-0.33659
-0.350039
-0.364084
-0.378752
-0.394073
-0.410078
-0.426799
-0.44427
-0.462527
-0.481607
-0.50155
-0.522397
-0.544191
-0.566979
-0.590806
-0.615725
-0.641787
-0.669048
-0.697565
-0.727401
-0.758618
-0.791285
-0.825472
-0.861252
-0.898705
-0.937912
-0.978958
-1.02193
-1.06694
-1.11406
-1.16341
-1.21511
-1.26925
-1.32597
-1.38539
-1.44764
-1.51287
-1.58121
-1.65283
-1.72788
-1.80654
-1.88897
-1.97536
-2.06591
-2.16081
-2.26029
-2.36455
-2.47384
-2.58838
-2.70843
-2.83426
-2.96612
-3.10431
-3.24911
-3.40083
-3.55977
-3.72626
-3.90062
-4.08321
-4.27435
-4.47441
-4.68373
-4.90269
-5.13164
-5.37093
-5.62093
-5.88198
-6.15441
-6.43853
-6.73464
-7.043
-7.36383
-7.69731
-8.04356
-8.40263
-8.7745
-9.15905
-9.55606
-9.96517
-10.3859
-10.8176
-11.2594
-11.7104
-12.1692
-12.6344
-13.1042
-13.5767
-14.0495
-14.5201
-14.9856
-15.4428
-15.8882
-16.3181
-16.7286
-17.1155
-17.4745
-17.8012
-18.0913
-18.3405
-18.5446
-18.6999
-18.8029
-18.8505
-18.8405
-18.7709
-18.6408
-18.4498
-18.1984
-17.8877
-17.5197
-17.0972
-16.6234
-16.1022
-15.538
-14.9356
-14.2998
-13.6359
-12.9491
-12.2445
-11.5272
-10.802
-10.0737
-9.34637
-8.62416
-7.91064
-7.2091
-6.52243
-5.85316
-5.20347
-4.57519
-3.96986
-3.3887
-2.83265
-2.30241
-1.79845
-1.32104
-0.870261
-0.446035
-0.0481416
0.323763
0.670129
0.991499
1.2885
1.5618
1.81217
2.04037
2.24723
2.4336
2.60035
2.74836
2.87852
2.99173
3.08889
3.17087
3.23856
3.29283
3.33452
3.36447
3.3835
3.39239
3.39192
3.38283
3.36584
3.34163
3.31088
3.27421
3.23224
3.18553
3.13463
3.08006
3.02231
2.96184
2.89908
2.83443
2.76826
2.70094
2.63277
2.56407
2.4951
2.42611
2.35735
2.289
2.22127
2.15432
2.08831
2.02336
1.95959
1.89712
1.83602
1.77637
1.71824
1.66167
1.60672
1.5534
1.50175
1.45178
1.4035
1.35691
1.312
1.26876
1.22718
1.18724
1.14892
1.11218
1.07701
1.04337
1.01122
0.98053
0.951267
0.923391
0.896864
0.871646
0.8477
0.824985
0.803464
0.783096
0.763844
0.74567
0.728537
0.712408
0.697247
0.683021
0.669694
0.657235
0.645612
0.634794
0.624751
0.615455
0.60688
0.598998
0.591786
0.585218
0.579274
0.57393
0.569168
0.564967
0.561309
0.558178
0.555558
0.553433
0.551789
0.550615
0.549897
0.549624
0.549788
0.550377
0.551386
0.552804
0.554628
0.556849
0.559465
0.562469
0.56586
0.569635
0.573791
0.578328
0.583245
0.588542
0.594221
0.600283
0.60673
0.613566
0.620795
0.62842
0.636446
0.64488
0.653728
0.662997
0.672694
0.682828
0.693408
0.704444
0.715946
0.727924
0.740392
0.753362
0.766847
0.78086
0.795417
0.810534
0.826227
0.842513
0.85941
0.876938
0.895116
0.913965
0.933507
0.953764
0.974762
0.996523
1.01908
1.04245
1.06666
1.09175
1.11775
1.14469
1.17259
1.20151
1.23146
1.2625
1.29466
1.32798
1.3625
1.39827
1.43533
1.47374
1.51353
1.55477
1.59751
1.6418
1.6877
1.73528
1.78459
1.83569
1.88867
1.94358
2.00051
2.05951
2.12068
2.1841
2.24984
2.318
2.38866
2.46192
2.53787
2.61661
2.69824
2.78286
2.87059
2.96154
3.05581
3.15353
3.2548
3.35976
3.46853
3.58124
3.698
3.81896
3.94423
4.07396
4.20828
4.34731
4.49119
4.64005
4.794
4.95319
5.11771
5.28769
5.46323
5.64442
5.83135
6.02409
6.22271
6.42723
6.63769
6.85408
7.07638
7.30453
7.53844
7.77799
8.02303
8.27334
8.52867
8.78873
9.05314
9.32148
9.59326
9.86793
10.1449
10.4233
10.7026
10.9817
11.2597
11.5356
11.8083
12.0765
12.339
12.5943
12.8411
13.0779
13.3031
13.5152
13.7125
13.8935
14.0567
14.2003
14.3231
14.4236
14.5006
14.5527
14.5792
14.5791
14.5517
14.4966
14.4137
14.3028
14.1642
13.9984
13.8059
13.5878
13.345
13.0788
12.7907
12.4822
12.155
11.8111
11.4521
11.08
10.6969
10.3045
9.90496
9.50002
9.09153
8.68126
8.27087
7.86191
7.45586
7.05407
6.65777
6.26808
5.886
5.51242
5.14812
4.79376
4.44989
4.11699
3.79542
3.48546
3.1873
2.90108
2.62685
2.36461
2.11428
1.87576
1.64889
1.43348
1.22929
1.03607
0.853533
0.681369
0.519259
0.366867
0.223846
0.0898424
-0.0355026
-0.152551
-0.261664
-0.363204
-0.457529
-0.544991
-0.625941
-0.700718
-0.769657
-0.833084
-0.891316
-0.944658
-0.99341
-1.03786
-1.07828
-1.11493
-1.14808
-1.17797
-1.20483
-1.22889
-1.25035
-1.26943
-1.2863
-1.30117
-1.31419
-1.32553
-1.33535
-1.3438
-1.35101
-1.35711
-1.36222
-1.36646
-1.36994
-1.37276
-1.37501
-1.37678
-1.37815
-1.3792
-1.38001
-1.38064
-1.38115
-1.38161
-1.38206
-1.38255
-1.38315
-1.38388
-1.38479
-1.38591
-1.3873
-1.38896
-1.39095
-1.39328
-1.39598
-1.39909
-1.40261
-1.40658
-1.41102
-1.41594
-1.42137
-1.42732
-1.43382
-1.44087
-1.4485
-1.45673
-1.46555
-1.47501
-1.48509
-1.49584
-1.50725
-1.51934
-1.53214
-1.54565
-1.55989
-1.57488
-1.59063
-1.60716
-1.6245
-1.64264
-1.66163
-1.68146
-1.70217
-1.72377
-1.74629
-1.76975
-1.79417
-1.81957
-1.84597
-1.87341
-1.90192
-1.9315
-1.96221
-1.99405
-2.02708
-2.06131
-2.09678
-2.13352
-2.17157
-2.21097
-2.25175
-2.29395
-2.33761
-2.38277
-2.42948
-2.47777
-2.5277
-2.57932
-2.63266
-2.68778
-2.74473
-2.80357
-2.86434
-2.9271
-2.9919
-3.05881
-3.12789
-3.19918
-3.27276
-3.34869
-3.42702
-3.50783
-3.59117
-3.67712
-3.76573
-3.85707
-3.95122
-4.04822
-4.14815
-4.25107
-4.35705
-4.46615
-4.57841
-4.69391
-4.8127
-4.93482
-5.06033
-5.18926
-5.32165
-5.45754
-5.59694
-5.73988
-5.88635
-6.03637
-6.1899
-6.34693
-6.50742
-6.67131
-6.83854
-7.00901
-7.18262
-7.35925
-7.53873
-7.72091
-7.90557
-8.0925
-8.28145
-8.47212
-8.6642
-8.85734
-9.05116
-9.24524
-9.43914
-9.63235
-9.82435
-10.0146
-10.2024
-10.3873
-10.5685
-10.7454
-10.9171
-11.0831
-11.2424
-11.3944
-11.5382
-11.673
-11.7981
-11.9127
-12.0159
-12.1071
-12.1856
-12.2506
-12.3017
-12.3381
-12.3595
-12.3654
-12.3554
-12.3294
-12.2872
-12.2287
-12.1539
-12.0629
-11.9561
-11.8336
-11.696
-11.5437
-11.3773
-11.1975
-11.005
-10.8006
-10.5852
-10.3596
-10.1248
-9.88183
-9.63156
-9.375
-9.11315
-8.84697
-8.57744
-8.30547
-8.03198
-7.75785
-7.48389
-7.21089
-6.9396
-6.67071
-6.40486
-6.14263
-5.88456
-5.63113
-5.38278
-5.13988
-4.90277
-4.67174
-4.44702
-4.2288
-4.01725
-3.81248
-3.61456
-3.42356
-3.23948
-3.06232
-2.89203
-2.72856
-2.57182
-2.42172
-2.27814
-2.14095
-2.01001
-1.88516
-1.76624
-1.65308
-1.54551
-1.44334
-1.3464
-1.25449
-1.16744
-1.08504
-1.00713
-0.933511
-0.864003
-0.798425
-0.736602
-0.678361
-0.623531
-0.571948
-0.523452
-0.477887
-0.435102
-0.39495
-0.357292
-0.321991
-0.288918
-0.257946
-0.228956
-0.201833
-0.176465
-0.152749
-0.130584
-0.109874
-0.0905273
-0.0724582
-0.0555842
-0.039827
-0.0251127
-0.011371
0.00146459
0.0134569
0.0246652
0.0351458
0.0449516
0.0541325
0.0627356
0.0708053
0.0783834
0.0855091
0.0922195
0.0985494
0.104531
0.110196
0.115573
0.120689
0.125569
0.130238
0.134717
0.139029
0.143193
0.147227
0.15115
0.154978
0.158727
0.162412
0.166045
0.169642
0.173214
0.176773
0.18033
0.183897
0.187483
0.191098
0.194753
0.198455
0.202214
0.206038
0.209935
0.213915
0.217983
0.222149
0.22642
0.230803
0.235307
0.239937
0.244703
0.249611
0.254668
0.259884
0.265264
0.270817
0.276551
0.282474
0.288595
0.294921
0.301461
0.308224
0.31522
0.322458
0.329947
0.337698
0.34572
0.354026
0.362625
0.37153
0.380752
0.390304
0.4002
0.410451
0.421072
0.432079
0.443485
0.455307
0.467561
0.480264
0.493434
0.507089
0.521249
0.535934
0.551165
0.566964
0.583353
0.600356
0.617998
0.636306
0.655305
0.675025
0.695494
0.716744
0.738806
0.761713
0.785502
0.810207
0.835867
0.862522
0.890213
0.918984
0.948879
0.979945
1.01223
1.04579
1.08068
1.11694
1.15465
1.19386
1.23463
1.27703
1.32113
1.36701
1.41473
1.46438
1.51604
1.56979
1.62572
1.68393
1.74451
1.80757
1.8732
1.94152
2.01264
2.08668
2.16377
2.24402
2.32758
2.41457
2.50515
2.59946
2.69766
2.79989
2.90633
3.01715
3.13251
3.2526
3.3776
3.5077
3.64309
3.78396
3.93052
4.08297
4.24151
4.40635
4.5777
4.75575
4.94072
5.1328
5.33219
5.53907
5.75363
5.97601
6.20638
6.44486
6.69155
6.94655
7.20989
7.48159
7.76161
8.04989
8.34628
8.65059
8.96255
9.28182
9.60798
9.94049
10.2787
10.622
10.9693
11.3199
11.6724
12.0257
12.3784
12.7289
13.0755
13.4163
13.7493
14.0725
14.3836
14.6803
14.96
15.2204
15.4589
15.6731
15.8605
16.0187
16.1457
16.2392
16.2976
16.3193
16.303
16.2478
16.1532
16.019
15.8455
15.6332
15.3832
15.0968
14.7757
14.422
14.038
13.6262
13.1894
12.7304
12.2522
11.7579
11.2504
10.7327
10.2077
9.67831
9.14713
8.61668
8.08932
7.56721
7.05232
6.54644
6.05114
5.56781
5.09766
4.64171
4.20081
3.77564
3.36676
2.97454
2.59927
2.2411
1.90008
1.57616
1.2692
0.979015
0.705323
0.447799
0.206069
-0.0202837
-0.231708
-0.428683
-0.611707
-0.781298
-0.937986
-1.08231
-1.21481
-1.33603
-1.44651
-1.5468
-1.63742
-1.71889
-1.79174
-1.85646
-1.91355
-1.96347
-2.00669
-2.04365
-2.07479
-2.10052
-2.12124
-2.13733
-2.14915
-2.15705
-2.16136
-2.1624
-2.16046
-2.15584
-2.14878
-2.13956
-2.12841
-2.11555
-2.10118
-2.08552
-2.06873
-2.05099
-2.03247
-2.01331
-1.99364
-1.9736
-1.9533
-1.93285
-1.91236
-1.8919
-1.87157
-1.85144
-1.83158
-1.81206
-1.79293
-1.77424
-1.75604
-1.73837
-1.72127
-1.70477
-1.6889
-1.67368
-1.65914
-1.6453
-1.63217
-1.61977
-1.60812
-1.59721
-1.58706
-1.57768
-1.56908
-1.56125
-1.5542
-1.54794
-1.54246
-1.53778
-1.53388
-1.53077
-1.52845
-1.52691
-1.52617
-1.52623
-1.52707
-1.5287
-1.53113
-1.53435
-1.53836
-1.54317
-1.54879
-1.5552
-1.56242
-1.57045
-1.57929
-1.58895
-1.59944
-1.61076
-1.62292
-1.63593
-1.64979
-1.66452
-1.68013
-1.69663
-1.71403
-1.73235
-1.75159
-1.77178
-1.79293
-1.81506
-1.83819
-1.86233
-1.88751
-1.91375
-1.94106
-1.96949
-1.99904
-2.02975
-2.06164
-2.09474
-2.12908
-2.16469
-2.20161
-2.23986
-2.27949
-2.32052
-2.363
-2.40697
-2.45245
-2.4995
-2.54816
-2.59848
-2.65048
-2.70424
-2.75978
-2.81716
-2.87644
-2.93766
-3.00088
-3.06615
-3.13353
-3.20307
-3.27484
-3.34889
-3.42527
-3.50406
-3.58532
-3.66909
-3.75546
-3.84447
-3.93619
-4.03069
-4.12802
-4.22825
-4.33144
-4.43764
-4.54691
-4.65931
-4.77488
-4.89369
-5.01576
-5.14115
-5.26988
-5.40199
-5.5375
-5.67643
-5.81879
-5.96457
-6.11377
-6.26635
-6.4223
-6.58155
-6.74404
-6.9097
-7.07843
-7.2501
-7.42459
-7.60174
-7.78135
-7.96323
-8.14714
-8.33281
-8.51996
-8.70826
-8.89735
-9.08686
-9.27635
-9.46538
-9.65345
-9.84003
-10.0246
-10.2065
-10.3852
-10.5599
-10.7301
-10.895
-11.0539
-11.2061
-11.3507
-11.4871
-11.6144
-11.732
-11.839
-11.9348
-12.0187
-12.09
-12.1481
-12.1924
-12.2224
-12.2377
-12.2379
-12.2227
-12.192
-12.1455
-12.0833
-12.0054
-11.912
-11.8033
-11.6797
-11.5415
-11.3894
-11.2238
-11.0454
-10.8549
-10.6532
-10.441
-10.2193
-9.98881
-9.7506
-9.50557
-9.25465
-8.99879
-8.73892
-8.47596
-8.21079
-7.94427
-7.67725
-7.41049
-7.14476
-6.88075
-6.61913
-6.36049
-6.1054
-5.85437
-5.60785
-5.36625
-5.12995
-4.89924
-4.67441
-4.45568
-4.24324
-4.03723
-3.83777
-3.64493
-3.45876
-3.27928
-3.10647
-2.94031
-2.78073
-2.62766
-2.481
-2.34064
-2.20646
-2.07833
-1.95609
-1.8396
-1.72868
-1.62318
-1.52292
-1.42773
-1.33742
-1.25183
-1.17077
-1.09406
-1.02154
-0.953014
-0.888322
-0.827292
-0.769758
-0.715558
-0.664533
-0.616529
-0.571398
-0.528993
-0.489174
-0.451808
-0.416762
-0.383912
-0.353137
-0.324321
-0.297353
-0.272128
-0.248543
-0.226503
-0.205915
-0.186691
-0.168748
-0.152006
-0.13639
-0.121829
-0.108254
-0.0956022
-0.0838123
-0.0728272
-0.0625927
-0.0530579
-0.0441746
-0.0358974
-0.0281837
-0.0209933
-0.0142883
-0.00803338
-0.0021951
0.00325783
0.00835478
0.0131233
0.0175892
0.0217767
0.0257085
0.0294058
0.0328884
0.0361751
0.0392832
0.042229
0.0450278
0.0476939
0.0502407
0.0526807
0.0550256
0.0572865
0.0594736
0.0615967
0.0636649
0.0656866
0.0676701
0.0696227
0.0715519
0.0734642
0.0753662
0.0772638
0.0791631
0.0810694
0.0829881
0.0849242
0.0868827
0.0888682
0.0908853
0.0929386
0.0950322
0.0971704
0.0993575
0.101597
0.103894
0.106252
0.108676
0.111168
0.113733
0.116375
0.119099
0.121908
0.124807
0.127801
0.130892
0.134086
0.137388
0.140803
0.144334
0.147988
0.151769
0.155683
0.159735
0.163931
0.168277
0.17278
0.177445
0.182279
0.187289
0.192482
0.197867
0.203449
0.209239
0.215243
0.221471
0.227933
0.234637
0.241593
0.248812
0.256306
0.264084
0.272159
0.280544
0.28925
0.298292
0.307684
0.31744
0.327576
0.338107
0.349051
0.360425
0.372247
0.384536
0.397312
0.410596
0.424411
0.438778
0.453721
0.469267
0.48544
0.502268
0.51978
0.538006
0.556976
0.576724
0.597283
0.618691
0.640983
0.6642
0.688383
0.713574
0.739818
0.767163
0.795658
0.825355
0.856306
0.88857
0.922206
0.957274
0.993841
1.03197
1.07174
1.11322
1.15649
1.20163
1.24873
1.29787
1.34915
1.40266
1.45852
1.51681
1.57766
1.64119
1.70751
1.77675
1.84904
1.92453
2.00335
2.08566
2.17162
2.26139
2.35514
2.45304
2.55528
2.66206
2.77357
2.89002
3.01162
3.13859
3.27116
3.40956
3.55403
3.70483
3.8622
4.0264
4.1977
4.37636
4.56265
4.75683
4.95918
5.16997
5.38945
5.61788
5.85551
6.10255
6.35924
6.62575
6.90225
7.18888
7.48572
7.79281
8.11015
8.43767
8.77523
9.12258
9.47942
9.84532
10.2197
10.602
10.9913
11.3866
11.7868
12.1907
12.5966
13.0029
13.4076
13.8087
14.2038
14.5904
14.9657
15.3269
15.671
15.9948
16.2949
16.5683
16.8116
17.0217
17.1954
17.33
17.4229
17.4717
17.4748
17.4305
17.338
17.1969
17.0072
16.7696
16.4853
16.156
15.7839
15.3717
14.9223
14.439
13.9255
13.3855
12.823
12.2417
11.6457
11.0387
10.4245
9.80664
9.18846
8.57308
7.96336
7.36194
6.77116
6.19311
5.62961
5.08224
4.55233
4.04097
3.54906
3.07727
2.62611
2.19592
1.78687
1.39901
1.03226
0.686449
0.361296
0.056444
-0.228534
-0.494125
-0.740867
-0.969338
-1.18015
-1.37395
-1.55138
-1.71313
-1.85988
-1.99232
-2.11114
-2.21702
-2.31065
-2.39271
-2.46384
-2.52472
-2.57596
-2.61819
-2.65201
-2.678
-2.69673
-2.70875
-2.71456
-2.71469
-2.70959
-2.69974
-2.68557
-2.6675
-2.64592
-2.6212
-2.59369
-2.56374
-2.53164
-2.4977
-2.46218
-2.42535
-2.38744
-2.34867
-2.30924
-2.26935
-2.22917
-2.18886
-2.14857
-2.10843
-2.06855
-2.02906
-1.99005
-1.9516
-1.9138
-1.87672
-1.84042
-1.80495
-1.77036
-1.73668
-1.70396
-1.67223
-1.64149
-1.61178
-1.58311
-1.55548
-1.52891
-1.50339
-1.47892
-1.45551
-1.43315
-1.41183
-1.39155
-1.37229
-1.35404
-1.3368
-1.32055
-1.30526
-1.29094
-1.27757
-1.26513
-1.2536
-1.24298
-1.23324
-1.22438
-1.21637
-1.20921
-1.20287
-1.19736
-1.19265
-1.18873
-1.18559
-1.18322
-1.18161
-1.18076
-1.18065
-1.18127
-1.18262
-1.18469
-1.18747
-1.19097
-1.19518
-1.2001
-1.20571
-1.21203
-1.21906
-1.22679
-1.23522
-1.24436
-1.25421
-1.26478
-1.27607
-1.28809
-1.30084
-1.31433
-1.32858
-1.3436
-1.35938
-1.37595
-1.39333
-1.41151
-1.43052
-1.45038
-1.47111
-1.49271
-1.51521
-1.53864
-1.563
-1.58834
-1.61466
-1.642
-1.67037
-1.69982
-1.73037
-1.76204
-1.79488
-1.8289
-1.86416
-1.90067
-1.93849
-1.97765
-2.01818
-2.06014
-2.10355
-2.14848
-2.19496
-2.24304
-2.29278
-2.34421
-2.3974
-2.45241
-2.50928
-2.56807
-2.62885
-2.69168
-2.75661
-2.82372
-2.89307
-2.96472
-3.03876
-3.11524
-3.19425
-3.27585
-3.36013
-3.44715
-3.537
-3.62976
-3.7255
-3.8243
-3.92624
-4.03141
-4.13988
-4.25173
-4.36705
-4.48589
-4.60835
-4.73448
-4.86437
-4.99807
-5.13564
-5.27714
-5.42261
-5.5721
-5.72563
-5.88324
-6.04492
-6.21069
-6.38053
-6.5544
-6.73226
-6.91406
-7.09969
-7.28907
-7.48204
-7.67846
-7.87815
-8.08087
-8.28639
-8.49442
-8.70464
-8.91669
-9.13016
-9.34462
-9.55957
-9.77449
-9.98879
-10.2019
-10.413
-10.6215
-10.8267
-11.0276
-11.2236
-11.4136
-11.5968
-11.7723
-11.9391
-12.0963
-12.2428
-12.3777
-12.5002
-12.6091
-12.7038
-12.7833
-12.8468
-12.8937
-12.9233
-12.935
-12.9285
-12.9033
-12.8593
-12.7963
-12.7144
-12.6137
-12.4945
-12.3571
-12.202
-12.0299
-11.8414
-11.6374
-11.4188
-11.1866
-10.9418
-10.6855
-10.4189
-10.1431
-9.85938
-9.56883
-9.27268
-8.97211
-8.66826
-8.36224
-8.05511
-7.74791
-7.44159
-7.13706
-6.83518
-6.53672
-6.24241
-5.95289
-5.66876
-5.39054
-5.11869
-4.8536
-4.59561
-4.34502
-4.10203
-3.86685
-3.63959
-3.42034
-3.20916
-3.00604
-2.81097
-2.62389
-2.44472
-2.27335
-2.10964
-1.95346
-1.80463
-1.66298
-1.52831
-1.40042
-1.27911
-1.16414
-1.05532
-0.9524
-0.855168
-0.763396
-0.676857
-0.595328
-0.518585
-0.446411
-0.378591
-0.314913
-0.255171
-0.199166
-0.1467
-0.0975863
-0.0516396
-0.00868291
0.0314548
0.0689383
0.103926
0.13657
0.167017
0.195404
0.221867
0.246533
0.269522
0.290951
0.310929
0.329561
0.346947
0.36318
0.37835
0.392541
0.405834
0.418303
0.430021
0.441055
0.451468
0.461321
0.47067
0.47957
0.488069
0.496216
0.504056
0.51163
0.518978
0.526138
0.533145
0.540033
0.546833
0.553575
0.560286
0.566995
0.573725
0.580501
0.587346
0.594283
0.601331
0.60851
0.615841
0.623341
0.631029
0.638921
0.647035
0.655387
0.663993
0.672869
0.682031
0.691494
0.701274
0.711385
0.721843
0.732664
0.743862
0.755453
0.767454
0.77988
0.792747
0.806073
0.819873
0.834165
0.848967
0.864298
0.880176
0.89662
0.913651
0.931288
0.949554
0.96847
0.98806
1.00835
1.02935
1.05111
1.07363
1.09696
1.12111
1.14612
1.17202
1.19884
1.22661
1.25537
1.28514
1.31598
1.34791
1.38098
1.41523
1.4507
1.48743
1.52547
1.56487
1.60568
1.64795
1.69173
1.73708
1.78406
1.83273
1.88314
1.93537
1.98947
2.04553
2.1036
2.16377
2.22611
2.2907
2.35762
2.42695
2.49879
2.57322
2.65034
2.73024
2.81301
2.89877
2.98761
3.07964
3.17497
3.27371
3.37597
3.48188
3.59153
3.70506
3.82259
3.94423
4.07012
4.20036
4.33508
4.47441
4.61845
4.76733
4.92117
5.08006
5.24411
5.41341
5.58806
5.76813
5.95369
6.14479
6.34146
6.54372
6.75158
6.96501
7.18395
7.40833
7.63804
7.87293
8.11281
8.35745
8.60658
8.85986
9.11691
9.3773
9.64052
9.90599
10.1731
10.4411
10.7092
10.9765
11.2422
11.5051
11.7642
12.0184
12.2663
12.5067
12.7383
12.9595
13.169
13.3654
13.547
13.7126
13.8606
13.9896
14.0983
14.1855
14.25
14.2908
14.3071
14.2981
14.2632
14.2023
14.115
14.0014
13.8619
13.6969
13.507
13.2931
13.0563
12.7977
12.5187
12.2208
11.9057
11.5748
11.2301
10.8733
10.5062
10.1306
9.74823
9.3609
8.97029
8.57802
8.18562
7.79455
7.40618
7.02175
6.64241
6.26923
5.90312
5.54493
5.19539
4.85512
4.52466
4.20445
3.89484
3.59611
3.30845
3.03199
2.76679
2.51287
2.27017
2.03859
1.81801
1.60824
1.40909
1.2203
1.04164
0.872804
0.713514
0.563454
0.422305
0.28974
0.165426
0.0490254
-0.0597974
-0.161379
-0.256055
-0.344155
-0.426006
-0.501927
-0.572231
-0.637226
-0.697208
-0.752467
-0.803283
-0.849926
-0.892658
-0.931731
-0.967384
-0.999851
-1.02935
-1.0561
-1.0803
-1.10214
-1.1218
-1.13947
-1.1553
-1.16945
-1.18207
-1.1933
-1.20327
-1.21211
-1.21993
-1.22685
-1.23297
-1.23839
-1.2432
-1.24748
-1.25131
-1.25478
-1.25795
-1.26089
-1.26366
-1.26632
-1.26892
-1.27151
-1.27414
-1.27685
-1.27969
-1.28269
-1.28589
-1.28932
-1.29302
-1.29701
-1.30132
-1.30598
-1.31102
-1.31645
-1.3223
-1.32858
-1.33533
-1.34256
-1.35029
-1.35854
-1.36732
-1.37665
-1.38656
-1.39705
-1.40814
-1.41985
-1.4322
-1.4452
-1.45888
-1.47323
-1.4883
-1.50408
-1.5206
-1.53789
-1.55594
-1.5748
-1.59447
-1.61497
-1.63633
-1.65858
-1.68172
-1.70579
-1.73081
-1.7568
-1.78379
-1.81181
-1.84088
-1.87104
-1.90231
-1.93472
-1.96831
-2.00311
-2.03915
-2.07647
-2.11511
-2.1551
-2.19649
-2.2393
-2.2836
-2.32941
-2.37678
-2.42577
-2.47641
-2.52876
-2.58286
-2.63878
-2.69656
-2.75625
-2.81791
-2.88161
-2.9474
-3.01533
-3.08548
-3.1579
-3.23267
-3.30983
-3.38947
-3.47164
-3.55643
-3.64388
-3.73408
-3.8271
-3.92299
-4.02184
-4.12372
-4.22868
-4.3368
-4.44814
-4.56278
-4.68076
-4.80215
-4.927
-5.05536
-5.18729
-5.32282
-5.46199
-5.60482
-5.75134
-5.90155
-6.05546
-6.21305
-6.3743
-6.53917
-6.7076
-6.87954
-7.05488
-7.23352
-7.41533
-7.60015
-7.78781
-7.97809
-8.17076
-8.36555
-8.56217
-8.76028
-8.95952
-9.15948
-9.35972
-9.55975
-9.75906
-9.9571
-10.1533
-10.3469
-10.5374
-10.7239
-10.9059
-11.0824
-11.2528
-11.4161
-11.5716
-11.7185
-11.8558
-11.9827
-12.0985
-12.2022
-12.2932
-12.3707
-12.434
-12.4824
-12.5154
-12.5325
-12.5332
-12.5173
-12.4845
-12.4347
-12.3678
-12.2839
-12.1832
-12.0659
-11.9325
-11.7834
-11.6191
-11.4404
-11.248
-11.0427
-10.8254
-10.5969
-10.3583
-10.1107
-9.85487
-9.59203
-9.32319
-9.04938
-8.77162
-8.49093
-8.20826
-7.92456
-7.64073
-7.35762
-7.07603
-6.79671
-6.52035
-6.2476
-5.97904
-5.7152
-5.45655
-5.20351
-4.95645
-4.71568
-4.48147
-4.25403
-4.03353
-3.82012
-3.61388
-3.41487
-3.22311
-3.0386
-2.86131
-2.69116
-2.52809
-2.37198
-2.22271
-2.08016
-1.94416
-1.81457
-1.69119
-1.57387
-1.46241
-1.35662
-1.2563
-1.16127
-1.07132
-0.98625
-0.90587
-0.829982
-0.758391
-0.690907
-0.627342
-0.567512
-0.511237
-0.458343
-0.408659
-0.362019
-0.318264
-0.277238
-0.238793
-0.202785
-0.169074
-0.137529
-0.108022
-0.080431
-0.0546389
-0.0305345
-0.00801139
0.0130317
0.0326912
0.0510589
0.0682219
0.084263
0.0992605
0.113289
0.126418
0.138715
0.150243
0.16106
0.171224
0.180787
0.189798
0.198306
0.206354
0.213984
0.221236
0.228146
0.23475
0.241079
0.247167
0.25304
0.258727
0.264254
0.269645
0.274923
0.28011
0.285226
0.290291
0.295323
0.300339
0.305357
0.310393
0.31546
0.320574
0.325749
0.330998
0.336333
0.341768
0.347314
0.352983
0.358786
0.364735
0.37084
0.377113
0.383564
0.390205
0.397045
0.404095
0.411366
0.418869
0.426615
0.434614
0.442878
0.451419
0.460247
0.469375
0.478815
0.488579
0.49868
0.509131
0.519946
0.531139
0.542724
0.554716
0.56713
0.579983
0.593291
0.607072
0.621343
0.636122
0.65143
0.667285
0.683709
0.700723
0.718351
0.736614
0.755538
0.775147
0.795469
0.816531
0.83836
0.860988
0.884444
0.908761
0.933974
0.960116
0.987224
1.01534
1.04449
1.07473
1.1061
1.13864
1.17241
1.20744
1.24378
1.2815
1.32065
1.36128
1.40345
1.44722
1.49267
1.53985
1.58883
1.6397
1.69252
1.74737
1.80434
1.86351
1.92497
1.9888
2.05512
2.124
2.19556
2.26991
2.34715
2.4274
2.51077
2.59739
2.68738
2.78087
2.87801
2.97891
3.08374
3.19263
3.30573
3.4232
3.54519
3.67187
3.80338
3.93991
4.0816
4.22864
4.38118
4.5394
4.70345
4.87351
5.04973
5.23226
5.42125
5.61683
5.81915
6.0283
6.2444
6.46751
6.6977
6.93499
7.17941
7.4309
7.68941
7.95483
8.22699
8.50569
8.79066
9.08155
9.37797
9.67943
9.98535
10.2951
10.6079
10.9228
11.239
11.5554
11.8707
12.1836
12.4929
12.7968
13.0938
13.3821
13.66
13.9254
14.1765
14.4113
14.6276
14.8236
14.9972
15.1465
15.2697
15.3652
15.4312
15.4666
15.4703
15.4412
15.3789
15.2831
15.1536
14.9908
14.7953
14.568
14.31
14.0227
13.7079
13.3674
13.0033
12.6177
12.2131
11.7919
11.3564
10.9091
10.4525
9.98906
9.52095
9.05047
8.5797
8.11064
7.64512
7.18483
6.73133
6.286
5.85006
5.42462
5.0106
4.60881
4.2199
3.84441
3.48277
3.13528
2.80214
2.48348
2.17931
1.8896
1.61424
1.35304
1.10579
0.87222
0.652009
0.444819
0.250278
0.0679897
-0.102458
-0.261493
-0.409553
-0.547083
-0.674532
-0.79235
-0.900986
-1.00089
-1.09249
-1.17623
-1.25254
-1.32183
-1.3845
-1.44096
-1.49157
-1.53673
-1.57677
-1.61205
-1.6429
-1.66963
-1.69255
-1.71194
-1.7281
-1.74126
-1.7517
-1.75965
-1.76532
-1.76894
-1.7707
-1.7708
-1.76941
-1.7667
-1.76283
-1.75794
-1.75218
-1.74566
-1.73852
-1.73086
-1.72279
-1.71441
-1.7058
-1.69704
-1.68822
-1.67941
-1.67066
-1.66204
-1.65361
-1.64542
-1.63751
-1.62993
-1.62271
-1.61589
-1.6095
-1.60358
-1.59815
-1.59323
-1.58885
-1.58503
-1.58178
-1.57913
-1.57709
-1.57567
-1.5749
-1.57477
-1.5753
-1.57651
-1.5784
-1.58099
-1.58428
-1.58828
-1.593
-1.59844
-1.60463
-1.61157
-1.61926
-1.62772
-1.63695
-1.64696
-1.65777
-1.66939
-1.68182
-1.69508
-1.70917
-1.72412
-1.73993
-1.75662
-1.77421
-1.7927
-1.81212
-1.83248
-1.85379
-1.87609
-1.89938
-1.92369
-1.94903
-1.97544
-2.00293
-2.03153
-2.06126
-2.09215
-2.12423
-2.15752
-2.19206
-2.22788
-2.265
-2.30347
-2.34331
-2.38456
-2.42726
-2.47145
-2.51717
-2.56445
-2.61334
-2.66389
-2.71613
-2.77011
-2.82588
-2.88349
-2.94299
-3.00442
-3.06785
-3.13332
-3.20089
-3.27061
-3.34253
-3.41673
-3.49324
-3.57214
-3.65348
-3.73731
-3.82371
-3.91272
-4.00441
-4.09884
-4.19606
-4.29613
-4.39911
-4.50505
-4.61401
-4.72603
-4.84116
-4.95944
-5.08092
-5.20564
-5.33361
-5.46486
-5.59942
-5.73728
-5.87846
-6.02294
-6.17071
-6.32174
-6.47598
-6.63338
-6.79387
-6.95736
-7.12375
-7.29291
-7.4647
-7.63895
-7.81548
-7.99407
-8.17449
-8.35646
-8.53969
-8.72386
-8.90861
-9.09356
-9.27828
-9.46233
-9.64522
-9.82644
-10.0054
-10.1816
-10.3544
-10.5232
-10.6872
-10.8459
-10.9985
-11.1443
-11.2826
-11.4127
-11.5338
-11.6452
-11.7463
-11.8362
-11.9145
-11.9805
-12.0335
-12.0731
-12.0988
-12.1103
-12.1071
-12.089
-12.0558
-12.0075
-11.944
-11.8654
-11.7719
-11.6637
-11.5412
-11.4047
-11.2548
-11.092
-10.9169
-10.7304
-10.533
-10.3257
-10.1092
-9.88439
-9.65216
-9.41341
-9.16904
-8.91995
-8.66702
-8.41112
-8.15312
-7.89383
-7.63404
-7.3745
-7.11594
-6.85903
-6.60439
-6.3526
-6.10421
-5.8597
-5.61951
-5.38404
-5.15364
-4.92861
-4.70922
-4.49569
-4.2882
-4.0869
-3.8919
-3.70328
-3.52108
-3.34533
-3.17603
-3.01313
-2.85659
-2.70634
-2.5623
-2.42436
-2.2924
-2.16631
-2.04593
-1.93113
-1.82175
-1.71764
-1.61862
-1.52454
-1.43523
-1.35052
-1.27022
-1.19419
-1.12224
-1.05422
-0.989946
-0.929268
-0.872023
-0.818056
-0.767214
-0.71935
-0.67432
-0.631983
-0.592206
-0.554857
-0.519811
-0.486947
-0.456148
-0.427302
-0.400302
-0.375046
-0.351436
-0.329377
-0.308781
-0.289562
-0.27164
-0.254937
-0.239381
-0.224903
-0.211436
-0.198918
-0.187291
-0.176499
-0.16649
-0.157214
-0.148624
-0.140678
-0.133332
-0.126549
-0.120293
-0.114528
-0.109223
-0.104348
-0.099874
-0.0957756
-0.0920278
-0.0886076
-0.0854937
-0.0826659
-0.0801056
-0.0777955
-0.0757195
-0.0738626
-0.0722109
-0.0707515
-0.0694724
-0.0683627
-0.0674121
-0.0666112
-0.0659514
-0.0654247
-0.0650239
-0.0647421
-0.0645734
-0.0645122
-0.0645534
-0.0646924
-0.0649251
-0.0652478
-0.0656572
-0.0661504
-0.0667249
-0.0673783
-0.0681087
-0.0689146
-0.0697946
-0.0707475
-0.0717727
-0.0728695
-0.0740376
-0.0752769
-0.0765874
-0.0779695
-0.0794237
-0.0809507
-0.0825513
-0.0842267
-0.085978
-0.0878068
-0.0897146
-0.0917032
-0.0937746
-0.0959309
-0.0981743
-0.100507
-0.102933
-0.105453
-0.108072
-0.110792
-0.113616
-0.116549
-0.119594
-0.122755
-0.126035
-0.129441
-0.132975
-0.136644
-0.140451
-0.144403
-0.148504
-0.152762
-0.157181
-0.161768
-0.16653
-0.171473
-0.176606
-0.181936
-0.18747
-0.193218
-0.199187
-0.205388
-0.211829
-0.21852
-0.225473
-0.232697
-0.240205
-0.248008
-0.256119
-0.264551
-0.273318
-0.282433
-0.291912
-0.301771
-0.312026
-0.322693
-0.333791
-0.34534
-0.357357
-0.369864
-0.382882
-0.396435
-0.410544
-0.425236
-0.440535
-0.456469
-0.473066
-0.490356
-0.508369
-0.527139
-0.546699
-0.567084
-0.588333
-0.610483
-0.633577
-0.657657
-0.682767
-0.708955
-0.736271
-0.764765
-0.794492
-0.825509
-0.857874
-0.891651
-0.926904
-0.963701
-1.00211
-1.04222
-1.08409
-1.12782
-1.17348
-1.22118
-1.27099
-1.32303
-1.37739
-1.43418
-1.49353
-1.55553
-1.62033
-1.68805
-1.75882
-1.83279
-1.91011
-1.99093
-2.07541
-2.16372
-2.25604
-2.35255
-2.45344
-2.55891
-2.66917
-2.78442
-2.90491
-3.03084
-3.16247
-3.30004
-3.4438
-3.59402
-3.75096
-3.91489
-4.0861
-4.26488
-4.45151
-4.64628
-4.84949
-5.06143
-5.28239
-5.51265
-5.75248
-6.00216
-6.26193
-6.53201
-6.81262
-7.10391
-7.40602
-7.71903
-8.04299
-8.37786
-8.72354
-9.07984
-9.44648
-9.82307
-10.2091
-10.6039
-11.0067
-11.4165
-11.8322
-12.2525
-12.6757
-13.1002
-13.5239
-13.9447
-14.3602
-14.7675
-15.1639
-15.5463
-15.9114
-16.2558
-16.5761
-16.8686
-17.1298
-17.3563
-17.5447
-17.6918
-17.7949
-17.8513
-17.859
-17.8164
-17.7224
-17.5766
-17.3789
-17.1301
-16.8316
-16.485
-16.0929
-15.6582
-15.184
-14.6741
-14.1323
-13.5628
-12.9698
-12.3576
-11.7303
-11.0922
-10.4471
-9.79898
-9.15132
-8.50746
-7.87044
-7.243
-6.62761
-6.02645
-5.44139
-4.87405
-4.32579
-3.79769
-3.29065
-2.80533
-2.34219
-1.90153
-1.4835
-1.08808
-0.715151
-0.364473
-0.0357114
0.271549
0.557796
0.823578
1.06949
1.29617
1.5043
1.69457
1.86769
2.0244
2.16544
2.29155
2.40348
2.50195
2.58771
2.66147
2.72396
2.77585
2.81783
2.85056
2.87469
2.89083
2.89959
2.90154
2.89724
2.88721
2.87198
2.85203
2.82781
2.79977
2.76832
2.73386
2.69676
2.65736
2.61599
2.57295
2.52854
2.48302
2.43662
2.38959
2.34213
2.29443
2.24668
2.19903
2.15162
2.10461
2.05809
2.01219
1.96699
1.92258
1.87904
1.83644
1.79483
1.75425
1.71475
1.67637
1.63912
1.60304
1.56813
1.53441
1.50189
1.47057
1.44044
1.41151
1.38376
1.35719
1.33178
1.30752
1.2844
1.2624
1.2415
1.22168
1.20292
1.1852
1.16851
1.15281
1.1381
1.12434
1.11153
1.09963
1.08863
1.0785
1.06924
1.06081
1.05321
1.04641
1.0404
1.03515
1.03067
1.02693
1.02391
1.02162
1.02002
1.01912
1.0189
1.01935
1.02047
1.02224
1.02467
1.02774
1.03145
1.0358
1.04078
1.0464
1.05264
1.05952
1.06702
1.07516
1.08393
1.09335
1.1034
1.11411
1.12546
1.13749
1.15017
1.16354
1.1776
1.19236
1.20782
1.22401
1.24094
1.25862
1.27707
1.29631
1.31634
1.3372
1.3589
1.38146
1.40491
1.42926
1.45454
1.48078
1.50801
1.53625
1.56552
1.59587
1.62733
1.65992
1.69368
1.72865
1.76486
1.80235
1.84118
1.88136
1.92296
1.96601
2.01056
2.05667
2.10437
2.15373
2.20479
2.25762
2.31227
2.3688
2.42727
2.48774
2.55028
2.61497
2.68185
2.75102
2.82254
2.89648
2.97292
3.05195
3.13364
3.21807
3.30533
3.3955
3.48867
3.58492
3.68435
3.78704
3.89309
4.00258
4.1156
4.23224
4.3526
4.47675
4.60478
4.73677
4.87281
5.01296
5.1573
5.30589
5.45879
5.61604
5.77769
5.94377
6.11429
6.28925
6.46866
6.65247
6.84065
7.03312
7.22979
7.43055
7.63526
7.84374
8.05578
8.27115
8.48957
8.7107
8.93421
9.15967
9.38664
9.61461
9.84303
10.0713
10.2987
10.5247
10.7483
10.9688
11.1854
11.397
11.6028
11.8018
11.9929
12.1751
12.3473
12.5084
12.6573
12.793
12.9145
13.0206
13.1105
13.1832
13.2379
13.2739
13.2906
13.2874
13.2638
13.2197
13.1549
13.0693
12.9631
12.8367
12.6903
12.5245
12.3402
12.1379
11.9187
11.6836
11.4337
11.1702
10.8943
10.6072
10.3104
10.0051
9.69275
9.37457
9.0519
8.72601
8.39814
8.06946
7.7411
7.41411
7.08948
6.76813
6.4509
6.13856
5.83181
5.53127
5.23748
4.95091
4.67198
4.40103
4.13833
3.88411
3.63852
3.40169
3.17368
2.95451
2.74417
2.5426
2.34972
2.16541
1.98953
1.82193
1.66241
1.51078
1.36683
1.23034
1.10106
0.978764
0.863201
0.754121
0.651273
0.554403
0.463259
0.377591
0.29715
0.221692
0.150975
0.0847647
0.0228304
-0.0350524
-0.0891018
-0.139529
-0.18654
-0.230332
-0.271096
-0.309016
-0.344267
-0.37702
-0.407436
-0.435671
-0.461873
-0.486183
-0.508736
-0.52966
-0.549077
-0.567103
-0.583847
-0.599413
-0.6139
-0.627402
-0.640005
-0.651793
-0.662845
-0.673235
-0.683033
-0.692304
-0.701111
-0.709511
-0.717561
-0.725311
-0.732811
-0.740106
-0.747239
-0.754252
-0.761182
-0.768067
-0.774939
-0.781832
-0.788775
-0.795799
-0.802929
-0.810193
-0.817616
-0.82522
-0.83303
-0.841065
-0.849349
-0.8579
-0.866739
-0.875885
-0.885356
-0.89517
-0.905346
-0.9159
-0.926851
-0.938216
-0.950013
-0.962258
-0.974968
-0.988162
-1.00186
-1.01607
-1.03082
-1.04613
-1.06201
-1.07849
-1.09558
-1.1133
-1.13168
-1.15073
-1.17048
-1.19096
-1.21218
-1.23416
-1.25695
-1.28055
-1.305
-1.33032
-1.35655
-1.38371
-1.41183
-1.44096
-1.47111
-1.50233
-1.53465
-1.5681
-1.60273
-1.63858
-1.67568
-1.71409
-1.75384
-1.79498
-1.83755
-1.88162
-1.92722
-1.97442
-2.02326
-2.07381
-2.12612
-2.18025
-2.23627
-2.29424
-2.35422
-2.41629
-2.48052
-2.54698
-2.61575
-2.68689
-2.76051
-2.83666
-2.91545
-2.99696
-3.08126
-3.16847
-3.25866
-3.35192
-3.44837
-3.54809
-3.65117
-3.75773
-3.86786
-3.98165
-4.09922
-4.22065
-4.34605
-4.47552
-4.60915
-4.74704
-4.88927
-5.03593
-5.1871
-5.34285
-5.50326
-5.66837
-5.83824
-6.0129
-6.19238
-6.37669
-6.56582
-6.75973
-6.95839
-7.16171
-7.36961
-7.58195
-7.79859
-8.01932
-8.24391
-8.47211
-8.70359
-8.938
-9.17493
-9.41393
-9.65447
-9.896
-10.1379
-10.3794
-10.6199
-10.8585
-11.0943
-11.3264
-11.5539
-11.7756
-11.9906
-12.1976
-12.3956
-12.5833
-12.7595
-12.923
-13.0726
-13.2072
-13.3256
-13.4267
-13.5094
-13.5728
-13.6161
-13.6385
-13.6394
-13.6183
-13.5748
-13.5088
-13.4203
-13.3092
-13.1761
-13.0212
-12.8452
-12.6489
-12.4331
-12.199
-11.9475
-11.68
-11.3978
-11.1023
-10.7948
-10.477
-10.1501
-9.81587
-9.47561
-9.1308
-8.78287
-8.43314
-8.08293
-7.73345
-7.38585
-7.0412
-6.7005
-6.36465
-6.03446
-5.71068
-5.39395
-5.08484
-4.78384
-4.49137
-4.20777
-3.93331
-3.6682
-3.41259
-3.16657
-2.93019
-2.70344
-2.48629
-2.27863
-2.08037
-1.89135
-1.7114
-1.54033
-1.37791
-1.22392
-1.07811
-0.940219
-0.809991
-0.68715
-0.571418
-0.462518
-0.360168
-0.264089
-0.174001
-0.0896293
-0.0107014
0.0630501
0.131887
0.196066
0.255837
0.311442
0.363117
0.411089
0.455578
0.496797
0.53495
0.570232
0.602832
0.632929
0.660696
0.686296
0.709887
0.731617
0.751628
0.770054
0.787024
0.802658
0.817071
0.830372
0.842662
0.854039
0.864594
0.874412
0.883575
0.892158
0.900235
0.907872
0.915132
0.922076
0.928759
0.935234
0.941551
0.947756
0.953893
0.960003
0.966124
0.972294
0.978546
0.984913
0.991426
0.998114
1.005
1.01212
1.01949
1.02714
1.03509
1.04336
1.05197
1.06095
1.07031
1.08008
1.09026
1.10089
1.11197
1.12353
1.13559
1.14815
1.16125
1.1749
1.18911
1.20391
1.21932
1.23534
1.25201
1.26934
1.28736
1.30607
1.32551
1.3457
1.36666
1.3884
1.41097
1.43437
1.45864
1.4838
1.50988
1.53691
1.56492
1.59393
1.62398
1.65511
1.68734
1.72071
1.75525
1.79101
1.82802
1.86632
1.90596
1.94697
1.98941
2.03331
2.07873
2.12571
2.1743
2.22457
2.27655
2.33031
2.38591
2.4434
2.50285
2.56432
2.62787
2.69357
2.7615
2.83171
2.90428
2.9793
3.05682
3.13693
3.21971
3.30524
3.3936
3.48487
3.57914
3.67649
3.77701
3.88078
3.98789
4.09843
4.21248
4.33012
4.45144
4.57652
4.70543
4.83826
4.97508
5.11595
5.26093
5.41008
5.56345
5.72107
5.88298
6.0492
6.21972
6.39454
6.57364
6.75697
6.94447
7.13607
7.33164
7.53106
7.73418
7.94079
8.15067
8.36357
8.57919
8.79719
9.01719
9.23877
9.46146
9.68475
9.90807
10.1308
10.3523
10.5718
10.7885
11.0018
11.2106
11.4141
11.6113
11.8013
11.9831
12.1556
12.3179
12.4688
12.6073
12.7325
12.8433
12.9388
13.0181
13.0804
13.1249
13.151
13.158
13.1457
13.1135
13.0614
12.9892
12.8969
12.7849
12.6533
12.5028
12.3337
12.1469
11.9432
11.7234
11.4887
11.24
10.9786
10.7056
10.4223
10.13
9.82987
9.52328
9.21148
8.8957
8.57716
8.25702
7.9364
7.61636
7.29789
6.98193
6.66934
6.36092
6.05738
5.75938
5.46749
5.18223
4.90404
4.6333
4.37032
4.11537
3.86863
3.63027
3.40039
3.17904
2.96624
2.76196
2.56616
2.37874
2.1996
2.02859
1.86556
1.71034
1.56272
1.42251
1.28949
1.16343
1.04411
0.931279
0.824708
0.72415
0.629365
0.540108
0.456141
0.377224
0.303124
0.233608
0.168452
0.107435
0.050341
-0.00303903
-0.052908
-0.0994625
-0.142892
-0.18338
-0.221103
-0.25623
-0.288923
-0.319339
-0.347626
-0.373926
-0.398376
-0.421104
-0.442234
-0.461884
-0.480164
-0.49718
-0.513032
-0.527815
-0.541619
-0.554528
-0.566623
-0.57798
-0.588669
-0.598759
-0.608313
-0.61739
-0.626048
-0.634339
-0.642314
-0.65002
-0.657501
-0.664799
-0.671954
-0.679002
-0.68598
-0.69292
-0.699853
-0.706809
-0.713817
-0.720903
-0.728093
-0.73541
-0.742878
-0.750518
-0.758353
-0.766403
-0.774687
-0.783224
-0.792033
-0.801132
-0.810539
-0.820271
-0.830345
-0.840779
-0.851588
-0.86279
-0.874401
-0.886439
-0.89892
-0.91186
-0.925278
-0.939191
-0.953617
-0.968573
-0.984079
-1.00015
-1.01682
-1.03408
-1.05198
-1.07053
-1.08975
-1.10966
-1.13029
-1.15166
-1.1738
-1.19673
-1.22047
-1.24507
-1.27054
-1.29691
-1.32421
-1.35249
-1.38176
-1.41207
-1.44345
-1.47594
-1.50957
-1.54438
-1.58043
-1.61774
-1.65636
-1.69635
-1.73774
-1.78059
-1.82494
-1.87086
-1.91839
-1.9676
-2.01854
-2.07127
-2.12586
-2.18237
-2.24087
-2.30143
-2.36412
-2.42901
-2.49619
-2.56573
-2.63771
-2.71222
-2.78934
-2.86916
-2.95178
-3.03728
-3.12576
-3.21731
-3.31205
-3.41006
-3.51145
-3.61633
-3.72479
-3.83696
-3.95292
-4.0728
-4.19669
-4.32471
-4.45696
-4.59354
-4.73455
-4.8801
-5.03027
-5.18515
-5.34483
-5.50938
-5.67886
-5.85333
-6.03283
-6.2174
-6.40704
-6.60175
-6.80152
-7.00628
-7.21598
-7.43052
-7.64976
-7.87354
-8.10166
-8.33389
-8.56994
-8.80948
-9.05214
-9.29749
-9.54504
-9.79423
-10.0445
-10.2951
-10.5454
-10.7945
-11.0415
-11.2857
-11.5258
-11.761
-11.99
-12.2117
-12.425
-12.6284
-12.8209
-13.001
-13.1676
-13.3192
-13.4547
-13.5728
-13.6724
-13.7524
-13.8118
-13.8497
-13.8654
-13.8582
-13.8277
-13.7735
-13.6956
-13.5938
-13.4686
-13.3201
-13.1491
-12.9561
-12.7421
-12.5082
-12.2554
-11.985
-11.6985
-11.3972
-11.0827
-10.7565
-10.4202
-10.0754
-9.72374
-9.36669
-9.00581
-8.64255
-8.27831
-7.91444
-7.55219
-7.19272
-6.83712
-6.48639
-6.14141
-5.803
-5.47187
-5.14866
-4.8339
-4.52805
-4.23149
-3.94453
-3.6674
-3.40028
-3.14327
-2.89642
-2.65974
-2.43319
-2.21669
-2.0101
-1.81329
-1.62607
-1.44823
-1.27954
-1.11976
-0.968633
-0.825876
-0.691211
-0.564348
-0.444993
-0.332848
-0.227614
-0.128992
-0.0366867
0.0495975
0.13015
0.205256
0.275195
0.34024
0.400657
0.456705
0.508633
0.556685
0.601095
0.642088
0.679881
0.714684
0.746695
0.776105
0.803098
0.827847
0.850519
0.871272
0.890255
0.907611
0.923476
0.937977
0.951235
0.963365
0.974475
0.984666
0.994035
1.00267
1.01066
1.01809
1.02502
1.03153
1.03768
1.04355
1.04918
1.05463
1.05995
1.06519
1.0704
1.07561
1.08088
1.08623
1.0917
1.09732
1.10313
1.10916
1.11542
1.12196
1.12879
1.13594
1.14344
1.15129
1.15954
1.16818
1.17726
1.18678
1.19676
1.20722
1.21819
1.22967
1.24169
1.25426
1.26741
1.28114
1.29549
1.31046
1.32607
1.34235
1.35931
1.37698
1.39537
1.4145
1.43439
1.45507
1.47656
1.49889
1.52206
1.54612
1.57109
1.59698
1.62384
1.65168
1.68054
1.71045
1.74144
1.77353
1.80677
1.8412
1.87683
1.91372
1.9519
1.99141
2.03229
2.07459
2.11835
2.16361
2.21043
2.25884
2.30891
2.36068
2.4142
2.46954
2.52675
2.58588
2.647
2.71017
2.77545
2.84291
2.91261
2.98463
3.05902
3.13587
3.21525
3.29723
3.38188
3.46928
3.55952
3.65266
3.74878
3.84798
3.95032
4.05588
4.16474
4.27699
4.39269
4.51193
4.63477
4.76129
4.89155
5.02561
5.16354
5.30538
5.45119
5.60099
5.75482
5.9127
6.07464
6.24064
6.41067
6.58471
6.7627
6.94458
7.13026
7.31963
7.51254
7.70885
7.90835
8.11083
8.31602
8.52365
8.73338
8.94486
9.15766
9.37135
9.58543
9.79936
10.0126
10.2244
10.4342
10.6413
10.8449
11.0441
11.2382
11.4263
11.6074
11.7807
11.9451
12.0998
12.2438
12.3762
12.4959
12.6021
12.6939
12.7705
12.8312
12.8751
12.9019
12.9108
12.9014
12.8736
12.827
12.7615
12.6772
12.5743
12.453
12.3137
12.1569
11.9833
11.7935
11.5885
11.3691
11.1362
10.891
10.6346
10.368
10.0924
9.8091
9.51917
9.22383
8.92422
8.62149
8.31673
8.01099
7.70528
7.40056
7.09772
6.7976
6.50095
6.2085
5.92088
5.63866
5.36237
5.09245
4.82928
4.57321
4.3245
4.08337
3.85001
3.62453
3.40702
3.19752
2.99604
2.80255
2.61699
2.43929
2.26932
2.10696
1.95206
1.80446
1.66397
1.5304
1.40356
1.28323
1.1692
1.06125
0.959154
0.862695
0.771644
0.685779
0.604877
0.528718
0.457086
0.389767
0.326552
0.267237
0.211624
0.159518
0.110733
0.0650873
0.0224042
-0.0174851
-0.0547437
-0.0895285
-0.12199
-0.152272
-0.180514
-0.206846
-0.231395
-0.254282
-0.275619
-0.295518
-0.31408
-0.331404
-0.347583
-0.362706
-0.376856
-0.390112
-0.402549
-0.414238
-0.425246
-0.435635
-0.445465
-0.454793
-0.46367
-0.472147
-0.480272
-0.488087
-0.495635
-0.502955
-0.510085
-0.517058
-0.523909
-0.530668
-0.537365
-0.544028
-0.550683
-0.557356
-0.564069
-0.570846
-0.577709
-0.584677
-0.591772
-0.599011
-0.606413
-0.613997
-0.621778
-0.629774
-0.638001
-0.646474
-0.655211
-0.664225
-0.673533
-0.683148
-0.693088
-0.703365
-0.713997
-0.724997
-0.736382
-0.748166
-0.760366
-0.772997
-0.786077
-0.799621
-0.813646
-0.828171
-0.843213
-0.858791
-0.874924
-0.891631
-0.908932
-0.92685
-0.945404
-0.964619
-0.984516
-1.00512
-1.02646
-1.04855
-1.07143
-1.09512
-1.11965
-1.14506
-1.17136
-1.1986
-1.22681
-1.25602
-1.28628
-1.3176
-1.35005
-1.38365
-1.41845
-1.45449
-1.49182
-1.53049
-1.57054
-1.61202
-1.65499
-1.69951
-1.74563
-1.7934
-1.8429
-1.89418
-1.94731
-2.00236
-2.0594
-2.1185
-2.17974
-2.24319
-2.30894
-2.37708
-2.44768
-2.52084
-2.59665
-2.6752
-2.7566
-2.84093
-2.92832
-3.01886
-3.11265
-3.20982
-3.31048
-3.41473
-3.52271
-3.63452
-3.7503
-3.87015
-3.99422
-4.12261
-4.25546
-4.39288
-4.535
-4.68194
-4.83382
-4.99074
-5.15283
-5.32016
-5.49285
-5.67098
-5.85462
-6.04383
-6.23867
-6.43915
-6.6453
-6.8571
-7.07452
-7.29749
-7.52592
-7.75969
-7.99862
-8.24251
-8.49111
-8.74412
-9.00117
-9.26185
-9.52569
-9.79214
-10.0606
-10.3304
-10.6007
-10.8708
-11.1397
-11.4064
-11.6698
-11.9289
-12.1823
-12.4288
-12.6671
-12.8956
-13.1131
-13.318
-13.5088
-13.684
-13.8422
-13.9818
-14.1016
-14.2002
-14.2763
-14.329
-14.3572
-14.3602
-14.3373
-14.288
-14.2121
-14.1097
-13.9807
-13.8257
-13.6453
-13.4401
-13.2112
-12.9597
-12.687
-12.3945
-12.0837
-11.7564
-11.4143
-11.0591
-10.6928
-10.3171
-9.93382
-9.54482
-9.1518
-8.75645
-8.36036
-7.96505
-7.57193
-7.18233
-6.79744
-6.41838
-6.04615
-5.68162
-5.32557
-4.97869
-4.64155
-4.31463
-3.99832
-3.69294
-3.3987
-3.11576
-2.84422
-2.58408
-2.33534
-2.0979
-1.87164
-1.6564
-1.45198
-1.25814
-1.07465
-0.901206
-0.73753
-0.583306
-0.438216
-0.301928
-0.174105
-0.0544094
0.0575026
0.161972
0.25934
0.349942
0.434112
0.512176
0.584454
0.65126
0.712897
0.769664
0.821846
0.869721
0.913558
0.953615
0.990139
1.02337
1.05353
1.08085
1.10553
1.12777
1.14775
1.16566
1.18167
1.19594
1.20863
1.21987
1.2298
1.23855
1.24625
1.25301
1.25894
1.26413
1.26868
1.27268
1.27622
1.27937
1.2822
1.28479
1.28719
1.28946
1.29167
1.29387
1.29609
1.29839
1.30081
1.30339
1.30617
1.30917
1.31244
1.316
1.31988
1.32412
1.32872
1.33372
1.33914
1.345
1.35133
1.35813
1.36544
1.37327
1.38163
1.39054
1.40003
1.4101
1.42078
1.43208
1.44402
1.45661
1.46987
1.48381
1.49846
1.51383
1.52994
1.5468
1.56444
1.58287
1.60211
1.62219
1.64312
1.66492
1.68762
1.71124
1.7358
1.76133
1.78785
1.81539
1.84397
1.87363
1.9044
1.93629
1.96935
2.00361
2.0391
2.07585
2.11391
2.1533
2.19407
2.23626
2.2799
2.32504
2.37173
2.42001
2.46992
2.52152
2.57485
2.62996
2.68691
2.74575
2.80654
2.86932
2.93417
3.00114
3.07028
3.14167
3.21536
3.29142
3.36992
3.45091
3.53448
3.62067
3.70957
3.80125
3.89576
3.99318
4.09358
4.19703
4.30359
4.41332
4.5263
4.64257
4.76221
4.88527
5.01179
5.14183
5.27543
5.41262
5.55344
5.6979
5.84602
5.9978
6.15323
6.3123
6.47496
6.64118
6.81088
6.98399
7.1604
7.33999
7.52262
7.70811
7.89627
8.08688
8.27968
8.47439
8.6707
8.86824
9.06664
9.26547
9.46427
9.66253
9.85973
10.0553
10.2486
10.439
10.6258
10.8083
10.9857
11.1573
11.3222
11.4797
11.629
11.7691
11.8993
12.0187
12.1265
12.222
12.3045
12.3731
12.4272
12.4664
12.4899
12.4975
12.4887
12.4632
12.421
12.3618
12.2858
12.193
12.0837
11.9583
11.817
11.6606
11.4895
11.3046
11.1065
10.8961
10.6743
10.442
10.2002
9.94997
9.69226
9.42811
9.15857
8.88465
8.60735
8.32765
8.04648
7.76477
7.48336
7.20307
6.92467
6.64888
6.37635
6.10769
5.84345
5.58412
5.33014
5.0819
4.83973
4.60393
4.37472
4.15231
3.93685
3.72844
3.52716
3.33306
3.14613
2.96637
2.79372
2.62812
2.46946
2.31765
2.17256
2.03404
1.90194
1.77609
1.65634
1.54248
1.43435
1.33174
1.23447
1.14234
1.05515
0.972717
0.894839
0.821323
0.751982
0.686626
0.625073
0.567143
0.51266
0.461454
0.413358
0.368212
0.32586
0.286151
0.248941
0.214089
0.181461
0.15093
0.12237
0.0956638
0.0706987
0.0473667
0.0255648
0.00519514
-0.0138355
-0.0316159
-0.0482299
-0.0637576
-0.0782746
-0.0918525
-0.104559
-0.116459
-0.127612
-0.138076
-0.147905
-0.157149
-0.165858
-0.174075
-0.181845
-0.189206
-0.196197
-0.202854
-0.20921
-0.215296
-0.221142
-0.226776
-0.232225
-0.237514
-0.242665
-0.2477
-0.252642
-0.257508
-0.262319
-0.267091
-0.271841
-0.276585
-0.281339
-0.286116
-0.290931
-0.295797
-0.300725
-0.30573
-0.310821
-0.316012
-0.321312
-0.326734
-0.332286
-0.337981
-0.343828
-0.349837
-0.356018
-0.362382
-0.368938
-0.375697
-0.382669
-0.389863
-0.397291
-0.404963
-0.412889
-0.42108
-0.429547
-0.438303
-0.447357
-0.456723
-0.466413
-0.476438
-0.486813
-0.497551
-0.508666
-0.520172
-0.532084
-0.544418
-0.55719
-0.570416
-0.584114
-0.598301
-0.612996
-0.62822
-0.643991
-0.660331
-0.677262
-0.694806
-0.712988
-0.731831
-0.751362
-0.771606
-0.792593
-0.81435
-0.836909
-0.8603
-0.884556
-0.909712
-0.935803
-0.962866
-0.990939
-1.02006
-1.05028
-1.08164
-1.11417
-1.14794
-1.18299
-1.21936
-1.25712
-1.29633
-1.33703
-1.37929
-1.42317
-1.46875
-1.51608
-1.56524
-1.61631
-1.66935
-1.72446
-1.78171
-1.8412
-1.90301
-1.96724
-2.03398
-2.10334
-2.17542
-2.25033
-2.32819
-2.40911
-2.49322
-2.58063
-2.67149
-2.76592
-2.86406
-2.96606
-3.07206
-3.18221
-3.29667
-3.41559
-3.53914
-3.66749
-3.8008
-3.93923
-4.08297
-4.23219
-4.38706
-4.54775
-4.71443
-4.88728
-5.06647
-5.25214
-5.44446
-5.64357
-5.8496
-6.06268
-6.2829
-6.51036
-6.7451
-6.98718
-7.23659
-7.4933
-7.75724
-8.0283
-8.30631
-8.59106
-8.88225
-9.17954
-9.4825
-9.79062
-10.1033
-10.4198
-10.7394
-11.0612
-11.3841
-11.7071
-12.0288
-12.3479
-12.6629
-12.9722
-13.274
-13.5667
-13.8481
-14.1164
-14.3695
-14.6052
-14.8216
-15.0164
-15.1877
-15.3335
-15.4519
-15.5412
-15.5999
-15.6265
-15.6201
-15.5798
-15.5051
-15.3957
-15.2517
-15.0735
-14.8619
-14.6178
-14.3426
-14.0378
-13.7054
-13.3472
-12.9656
-12.5628
-12.1415
-11.7039
-11.2529
-10.7908
-10.3202
-9.84354
-9.36322
-8.88149
-8.40046
-7.92213
-7.44833
-6.98075
-6.52091
-6.07018
-5.62974
-5.20066
-4.78382
-4.37998
-3.98976
-3.61364
-3.252
-2.90509
-2.57308
-2.25603
-1.95393
-1.66669
-1.39417
-1.13614
-0.892343
-0.662479
-0.446203
-0.24314
-0.0528895
0.124969
0.290874
0.445274
0.588629
0.721403
0.844062
0.957072
1.0609
1.156
1.24282
1.32182
1.39342
1.45806
1.51614
1.56807
1.61423
1.65501
1.69076
1.72183
1.74855
1.77126
1.79024
1.8058
1.81822
1.82775
1.83464
1.83914
1.84147
1.84185
1.84046
1.83751
1.83317
1.8276
1.82096
1.8134
1.80505
1.79604
1.78649
1.7765
1.76619
1.75563
1.74493
1.73416
1.7234
1.71271
1.70216
1.6918
1.6817
1.67189
1.66242
1.65333
1.64467
1.63645
1.62872
1.62149
1.6148
1.60867
1.60312
1.59816
1.59382
1.59011
1.58704
1.58462
1.58287
1.5818
1.58142
1.58174
1.58276
1.58449
1.58694
1.59013
1.59405
1.59872
1.60414
1.61031
1.61726
1.62497
1.63347
1.64277
1.65286
1.66376
